   3730.9490      1.70187395E-15
   3733.7000      3.85454201E-15
   3736.4507      3.06472995E-15
   3739.2017      2.93151306E-15
   3758.4578      4.34150205E-16
   3761.2087      3.01166694E-15
   3763.9595      1.60277904E-15
   3766.7104      1.44440897E-15
   3769.4612      9.44492982E-16
   3772.2122      9.70746874E-16
   3780.4648      9.64785668E-16
   3785.9666      1.61772599E-15
   3788.7173      1.69866602E-15
   3791.4683      2.76382500E-17
   3807.9734      7.28145891E-16
   3810.7244      1.12253804E-15
   3813.4753      1.69621302E-15
   3816.2261      1.75624997E-15
   3818.9771      1.00306605E-15
   3827.2295      3.77901208E-16
   3829.9805      4.77750405E-16
   3843.7349      9.47393011E-16
   3846.4856      3.64496210E-17
   3849.2366      1.13157598E-15
   3851.9875      1.58908601E-15
   3854.7383      1.20460896E-15
   3857.4893      6.62753200E-16
   3862.9910      5.44806404E-16
   3865.7417      1.32927602E-15
   3868.4927      1.79540796E-16
   3871.2437      1.39552405E-15
   3873.9944      2.09907491E-15
   3876.7454      1.64058805E-15
   3879.4961      3.81143816E-17
   3882.2471      5.38272286E-16
   3884.9978      9.61438088E-16
   3887.7488      2.07512802E-16
   3890.4998      1.72983901E-16
   3898.7522      5.12593317E-16
   3901.5032      3.07266496E-16
   3904.2539      5.27371819E-16
   3907.0049      1.12342700E-15
   3912.5066      4.09376291E-16
   3918.0083      1.25744198E-16
   3920.7593      5.61239584E-16
   3923.5100      7.63960826E-16
   3926.2610      5.55390874E-16
   3929.0120      8.76010791E-16
   3931.7627      8.94369066E-16
   3934.5137      5.16395277E-16
   3937.2644      8.63409588E-16
   3940.0154      5.13944017E-16
   3942.7661      5.47772819E-16
   3945.5171      1.08318404E-15
   3948.2681      7.27851494E-16
   3951.0188      1.01345300E-15
   3953.7698      4.81488679E-16
   3956.5205      3.82245402E-16
   3959.2715      9.53583445E-16
   3962.0225      6.10676080E-16
   3964.7732      4.50265774E-16
   3967.5242      7.64568678E-16
   3970.2749      9.62274427E-16
   3973.0259      1.02046898E-15
   3975.7766      1.09916501E-15
   3978.5276      5.06737408E-16
   3981.2786      6.18966679E-16
   3984.0293      8.12778882E-16
   3986.7803      8.49259320E-16
   3989.5310      7.04551894E-16
   3992.2820      6.63136377E-16
   3995.0327      1.03291602E-15
   3997.7837      8.72574591E-16
   4000.5347      8.18934376E-16
   4003.2854      6.38262619E-16
   4006.0364      7.62135523E-16
   4008.7871      3.45533406E-16
   4011.5381      1.20294804E-15
   4014.2888      8.56670912E-16
   4017.0398      9.40694992E-16
   4019.7908      1.04476802E-15
   4022.5415      8.66847483E-16
   4025.2925      4.87412986E-16
   4028.0432      8.40742510E-16
   4030.7942      6.36452192E-16
   4033.5449      9.72827928E-16
   4036.2959      1.12402405E-15
   4039.0469      1.10825897E-15
   4041.7976      9.28685970E-16
   4044.5486      5.94746090E-16
   4047.2993      7.15462684E-16
   4050.0503      1.32887304E-15
   4052.8010      1.36132097E-15
   4055.5520      7.29552177E-16
   4058.3030      8.53613599E-16
   4061.0537      9.46244540E-16
   4063.8047      7.49988806E-16
   4066.5554      1.10783005E-15
   4069.3064      1.06651803E-15
   4072.0571      9.41514920E-16
   4074.8081      4.59717391E-16
   4077.5591      5.04263913E-16
   4080.3098      4.14230690E-16
   4083.0608      6.98216194E-16
   4085.8115      9.94221015E-16
   4088.5625      7.47983985E-16
   4091.3132      2.04912900E-16
   4094.0642      8.40872212E-16
   4096.8149      9.54538687E-16
   4099.5659      9.17678354E-16
   4102.3169      6.92261817E-16
   4105.0679      6.93979282E-16
   4107.8184      8.05177185E-16
   4110.5693      9.20927466E-16
   4113.3203      8.15697493E-16
   4116.0713      5.17390594E-16
   4118.8223      8.18105290E-16
   4121.5728      9.03719463E-16
   4124.3237      9.50042530E-16
   4127.0747      7.25998980E-16
   4129.8257      7.95257105E-16
   4132.5767      6.79961681E-16
   4135.3271      1.75201195E-16
   4138.0781      2.78477804E-16
   4140.8291      6.67536925E-16
   4143.5801      5.80569617E-16
   4146.3306      7.66607804E-16
   4149.0815      7.44475310E-16
   4151.8325      6.40912403E-16
   4154.5835      7.89313581E-16
   4157.3345      6.01202281E-16
   4160.0850      5.11108310E-16
   4162.8359      4.08206009E-16
   4165.5869      5.26873181E-16
   4168.3379      6.45800789E-16
   4171.0889      5.62183179E-16
   4173.8394      4.27581888E-16
   4176.5903      2.11310196E-16
   4179.3413      1.90800101E-16
   4182.0923      6.27443997E-16
   4184.8428      7.24788782E-16
   4187.5938      5.16367908E-16
   4190.3447      6.58202781E-16
   4193.0957      7.04034304E-16
   4195.8467      9.97561396E-16
   4198.5972      6.17783904E-16
   4201.3481      6.33274283E-16
   4204.0991      3.28021106E-16
   4206.8501      5.65262726E-16
   4209.6011      8.14437584E-16
   4212.3516      5.33613181E-16
   4215.1025      3.29178603E-16
   4217.8535      3.75840589E-16
   4220.6045      4.63869388E-16
   4223.3555      6.95328817E-16
   4226.1060      5.39894089E-16
   4228.8569      4.40168188E-16
   4231.6079      5.14249319E-16
   4234.3589      5.39236686E-16
   4237.1094      3.94619098E-16
   4239.8604      2.24497612E-16
   4242.6113      3.44059198E-16
   4245.3623      6.75492417E-16
   4248.1133      5.96658002E-16
   4250.8638      4.30241412E-16
   4253.6147      1.39901203E-16
   4256.3657      4.45809481E-16
   4259.1167      5.41033295E-16
   4261.8677      6.69587909E-16
   4264.6182      4.98382592E-16
   4267.3691      3.88026296E-16
   4270.1201      4.60906626E-16
   4272.8711      3.26254989E-16
   4275.6216      3.05611711E-16
   4278.3726      4.22951291E-16
   4281.1235      3.48677989E-16
   4283.8745      4.80665204E-16
   4286.6255      5.40441484E-16
   4289.3760      7.39132014E-16
   4292.1270      5.76605820E-16
   4294.8779      4.12368197E-16
   4297.6289      4.24606287E-16
   4300.3799      6.64340805E-16
   4303.1304      5.75819986E-16
   4305.8813      3.23170095E-16
   4308.6323      2.59094302E-16
   4311.3833      4.15262693E-16
   4314.1338      5.17768477E-16
   4316.8848      4.87407375E-16
   4319.6357      6.47004211E-16
   4322.3867      7.79167397E-16
   4325.1377      6.25552678E-16
   4327.8882      6.19690416E-16
   4330.6392      5.07392694E-16
   4333.3901      6.83910495E-16
   4336.1411      5.31992383E-16
   4338.8921      8.10706722E-16
   4341.6426      6.24501722E-16
   4344.3936      6.21031587E-16
   4347.1445      6.09118492E-16
   4349.8955      6.37539518E-16
   4352.6460      6.79987674E-16
   4355.3970      3.05455010E-16
   4358.1479      3.43192895E-16
   4360.8989      2.44513689E-16
   4363.6499      3.37798407E-16
   4366.4004      4.30207610E-16
   4369.1514      4.30895613E-16
   4371.9023      7.44085092E-16
   4374.6533      8.44514083E-16
   4377.4043      7.71088979E-16
   4380.1548      7.75701179E-16
   4382.9058      6.06295702E-16
   4385.6567      5.57157679E-16
   4388.4077      6.94607992E-16
   4391.1582      7.97802598E-16
   4393.9092      6.79882483E-16
   4396.6602      7.63083300E-16
   4399.4111      7.06127481E-16
   4402.1621      7.02475816E-16
   4404.9126      5.80047474E-16
   4407.6636      4.97148412E-16
   4410.4146      7.90481375E-16
   4413.1655      6.98551407E-16
   4415.9165      8.12771523E-16
   4418.6670      8.26200384E-16
   4421.4180      6.62752777E-16
   4424.1689      7.28434888E-16
   4426.9199      5.95354577E-16
   4429.6709      5.65896995E-16
   4432.4214      7.01025325E-16
   4435.1724      7.14153912E-16
   4437.9233      5.72824824E-16
   4440.6743      7.15535582E-16
   4443.4248      5.05544521E-16
   4446.1758      5.98905286E-16
   4448.9268      5.90746188E-16
   4451.6777      8.58992523E-16
   4454.4287      7.92507107E-16
   4457.1792      4.37284809E-16
   4459.9302      5.83591619E-16
   4462.6812      9.28009826E-16
   4465.4321      8.41740474E-16
   4468.1831      5.83181390E-16
   4470.9336      6.36731025E-16
   4473.6846      7.92719606E-16
   4476.4355      6.40003325E-16
   4479.1865      7.17864182E-16
   4481.9370      6.94939023E-16
   4484.6880      6.36751618E-16
   4487.4390      7.07300781E-16
   4490.1899      6.59178986E-16
   4492.9409      5.14163822E-16
   4495.6914      3.94061591E-16
   4498.4424      6.30020406E-16
   4501.1934      6.74487783E-16
   4503.9443      2.88325410E-16
   4506.6953      5.71822678E-16
   4509.4458      5.76675012E-16
   4512.1968      4.99573891E-16
   4514.9478      6.44949309E-16
   4517.6987      6.51321008E-16
   4520.4492      6.11060791E-16
   4523.2002      5.44796186E-16
   4525.9512      6.08677982E-16
   4528.7021      5.53183507E-16
   4531.4531      5.93760885E-16
   4534.2036      4.83576509E-16
   4536.9546      7.07177908E-16
   4539.7056      7.28208201E-16
   4542.4565      6.54903376E-16
   4545.2075      3.70921207E-16
   4547.9580      4.77882225E-16
   4550.7090      6.30533602E-16
   4553.4600      6.77526408E-16
   4556.2109      6.20874621E-16
   4558.9614      5.55357522E-16
   4561.7124      5.27770189E-16
   4564.4634      2.85593702E-16
   4567.2144      2.85730206E-16
   4569.9653      5.42667010E-16
   4572.7158      6.17412797E-16
   4575.4668      5.73398583E-16
   4578.2178      5.77122087E-16
   4580.9688      5.16795024E-16
   4583.7197      5.98181814E-16
   4586.4702      6.87264905E-16
   4589.2212      6.10399312E-16
   4591.9722      6.51928013E-16
   4594.7231      6.35915120E-16
   4597.4741      5.11444105E-16
   4600.2246      6.32896189E-16
   4602.9756      7.05830914E-16
   4605.7266      7.95257476E-16
   4608.4775      5.72808678E-16
   4611.2280      4.57828508E-16
   4613.9790      4.51178981E-16
   4616.7300      4.56492207E-16
   4619.4810      3.56607700E-16
   4622.2319      5.89398506E-16
   4624.9824      6.52417122E-16
   4627.7334      6.59076601E-16
   4630.4844      4.27134390E-16
   4633.2354      2.91970589E-16
   4635.9863      4.30343109E-16
   4638.7368      5.00412295E-16
   4641.4878      4.98196086E-16
   4644.2388      5.52298304E-16
   4646.9897      5.22827116E-16
   4649.7402      4.25252600E-16
   4652.4912      8.27496609E-16
   4655.2422      6.57032605E-16
   4657.9932      4.52825190E-16
   4660.7441      4.69342809E-16
   4663.4946      3.96009687E-16
   4666.2456      5.30817019E-16
   4668.9966      6.52282814E-16
   4671.7476      5.67414613E-16
   4674.4985      3.16963488E-16
   4677.2490      3.93876488E-16
   4680.0000      5.95954488E-16
   4682.7510      4.64941679E-16
   4685.5020      5.49124419E-16
   4688.2524      5.58754178E-16
   4691.0034      5.56026520E-16
   4693.7544      5.12308185E-16
   4696.5054      4.15056706E-16
   4699.2563      5.24927493E-16
   4702.0068      5.94308174E-16
   4704.7578      3.93543710E-16
   4707.5088      3.63441509E-16
   4710.2598      4.29565798E-16
   4713.0107      5.66639207E-16
   4715.7612      4.67809309E-16
   4718.5122      4.40492311E-16
   4721.2632      5.64306478E-16
   4724.0142      4.09736598E-16
   4726.7646      3.96013208E-16
   4729.5156      4.65296903E-16
   4732.2666      5.17810881E-16
   4735.0176      3.53977901E-16
   4737.7686      4.09768308E-16
   4740.5190      5.68597600E-16
   4743.2700      4.82372505E-16
   4746.0210      5.23368688E-16
   4748.7720      3.07683606E-16
   4751.5229      4.08223188E-16
   4754.2734      2.57940802E-16
   4757.0244      1.96137996E-16
   4759.7754      4.67353605E-16
   4762.5264      4.10452393E-16
   4765.2769      4.54355196E-16
   4768.0278      4.54283622E-16
   4770.7788      4.88125606E-16
   4773.5298      3.39359092E-16
   4776.2808      3.30994906E-16
   4779.0313      4.22919792E-16
   4781.7822      5.25841918E-16
   4784.5332      5.64247080E-16
   4787.2842      4.14046910E-16
   4790.0352      3.61676610E-16
   4792.7856      3.57503808E-16
   4795.5366      2.46024399E-16
   4798.2876      3.75642992E-16
   4801.0386      4.73520005E-16
   4803.7896      3.74488195E-16
   4806.5400      2.29522000E-16
   4809.2910      3.95893591E-16
   4812.0420      3.76683493E-16
   4814.7930      4.83175704E-16
   4817.5435      5.30804208E-16
   4820.2944      3.89825288E-16
   4823.0454      4.56778505E-16
   4825.7964      3.74493595E-16
   4828.5474      3.83785890E-16
   4831.2979      4.38228192E-16
   4834.0488      3.83824298E-16
   4836.7998      3.06891604E-16
   4839.5508      2.70189693E-16
   4842.3018      3.43507303E-16
   4845.0522      5.30378891E-16
   4847.8032      5.28290902E-16
   4850.5542      4.87240774E-16
   4853.3052      4.80777224E-16
   4856.0557      4.54998624E-16
   4858.8066      5.06239511E-16
   4861.5576      4.45012423E-16
   4864.3086      4.38430209E-16
   4867.0596      5.33801487E-16
   4869.8101      4.28353508E-16
   4872.5610      2.77845203E-16
   4875.3120      3.59276595E-16
   4878.0630      3.96716113E-16
   4880.8140      3.59446107E-16
   4883.5645      3.50119295E-16
   4886.3154      4.96089515E-16
   4889.0664      3.88957291E-16
   4891.8174      3.73255497E-16
   4894.5679      5.33915889E-16
   4897.3188      3.56161711E-16
   4900.0698      2.85482502E-16
   4902.8208      4.76243481E-16
   4905.5718      4.95751179E-16
   4908.3223      3.74806494E-16
   4911.0732      4.24180812E-16
   4913.8242      3.55342497E-16
   4916.5752      3.63646994E-16
   4919.3262      5.51287317E-16
   4922.0767      4.58626519E-16
   4924.8276      4.59865993E-16
   4927.5786      5.43577306E-16
   4930.3296      5.72189285E-16
   4933.0801      6.21463997E-16
   4935.8311      4.00637399E-16
   4938.5820      5.49364711E-16
   4941.3330      5.53631375E-16
   4944.0840      4.96769101E-16
   4946.8345      4.89268412E-16
   4949.5854      5.61157316E-16
   4952.3364      6.43249102E-16
   4955.0874      5.41803513E-16
   4957.8384      3.89622900E-16
   4960.5889      4.63798025E-16
   4963.3398      5.75481914E-16
   4966.0908      7.25771287E-16
   4968.8418      6.00493526E-16
   4971.5928      5.38026381E-16
   4974.3433      5.93798525E-16
   4977.0942      4.13380189E-16
   4979.8452      6.18702405E-16
   4982.5962      6.57256010E-16
   4985.3467      6.61734696E-16
   4988.0977      5.08472925E-16
   4990.8486      6.37789975E-16
   4993.5996      4.95771719E-16
   4996.3506      5.42734985E-16
   4999.1011      5.87734616E-16
   5001.8521      6.84728676E-16
   5004.6030      6.96492799E-16
   5007.3540      6.42922624E-16
   5010.1050      7.29734025E-16
   5012.8555      5.76360710E-16
   5015.6064      6.29565920E-16
   5018.3574      6.00257680E-16
   5021.1084      6.82509926E-16
   5023.8589      5.55828420E-16
   5026.6099      6.45590619E-16
   5029.3608      6.79210521E-16
   5032.1118      6.74324888E-16
   5034.8628      6.74960322E-16
   5037.6133      5.81343593E-16
   5040.3643      6.59700917E-16
   5043.1152      6.13177315E-16
   5045.8662      5.75406581E-16
   5048.6172      6.19243606E-16
   5051.3677      6.42553317E-16
   5054.1187      6.68894295E-16
   5056.8696      6.72215194E-16
   5059.6206      6.45791683E-16
   5062.3711      8.00101393E-16
   5065.1221      7.50668391E-16
   5067.8730      7.30372211E-16
   5070.6240      6.13962197E-16
   5073.3750      6.63686419E-16
   5076.1255      7.82644308E-16
   5078.8765      7.53895693E-16
   5081.6274      8.60977280E-16
   5084.3784      6.56520626E-16
   5087.1294      6.20682609E-16
   5089.8799      7.40208487E-16
   5092.6309      6.17792003E-16
   5095.3818      6.44723204E-16
   5098.1328      8.15810995E-16
   5100.8833      7.61820480E-16
   5103.6343      7.85854987E-16
   5106.3853      7.70455504E-16
   5109.1362      7.92899495E-16
   5111.8872      7.11111000E-16
   5114.6377      7.22892010E-16
   5117.3887      6.73408081E-16
   5120.1396      6.20560425E-16
   5122.8906      7.94847618E-16
   5125.6416      7.19917389E-16
   5128.3921      6.80648307E-16
   5131.1431      7.31396274E-16
   5133.8940      8.05475182E-16
   5136.6450      7.71579517E-16
   5139.3960      7.06295300E-16
   5142.1465      7.39534619E-16
   5144.8975      7.36040185E-16
   5147.6484      8.56962979E-16
   5150.3994      8.16509109E-16
   5153.1499      6.26686379E-16
   5155.9009      6.95428079E-16
   5158.6519      6.52254915E-16
   5161.4028      7.01008808E-16
   5164.1538      6.61001907E-16
   5166.9043      7.38527815E-16
   5169.6553      6.99983210E-16
   5172.4063      7.00557498E-16
   5175.1572      7.50649386E-16
   5177.9082      6.97958325E-16
   5180.6587      7.56647226E-16
   5183.4097      7.90405407E-16
   5186.1606      8.49013416E-16
   5188.9116      7.59876222E-16
   5191.6621      7.89173874E-16
   5194.4131      7.03074986E-16
   5197.1641      6.55873811E-16
   5199.9150      8.15173179E-16
   5202.6660      6.73870720E-16
   5205.4165      6.68357012E-16
   5208.1675      6.74971121E-16
   5210.9185      6.35540785E-16
   5213.6694      6.53881483E-16
   5216.4204      6.45356891E-16
   5219.1709      6.40508421E-16
   5221.9219      5.72985707E-16
   5224.6729      6.99506913E-16
   5227.4238      6.84460008E-16
   5230.1743      7.19438710E-16
   5232.9253      7.69055412E-16
   5235.6763      7.14463715E-16
   5238.4272      7.29317179E-16
   5241.1782      7.52090612E-16
   5243.9287      7.38064911E-16
   5246.6797      6.57270303E-16
   5249.4307      6.56261381E-16
   5252.1816      6.51384907E-16
   5254.9326      7.57059625E-16
   5257.6831      7.08485992E-16
   5260.4341      6.68086808E-16
   5263.1851      7.36465078E-16
   5265.9360      7.25923594E-16
   5268.6865      6.85032814E-16
   5271.4375      6.96404178E-16
   5274.1885      6.33359516E-16
   5276.9395      5.59302578E-16
   5279.6904      5.45934122E-16
   5282.4409      5.75674084E-16
   5285.1919      6.38059914E-16
   5287.9429      6.08348698E-16
   5290.6938      5.63848975E-16
   5293.4448      6.00648374E-16
   5296.1953      6.22661278E-16
   5298.9463      5.90923324E-16
   5301.6973      6.54041308E-16
   5304.4482      6.50187520E-16
   5307.1987      4.84947697E-16
   5309.9497      5.47247288E-16
   5312.7007      5.78848975E-16
   5315.4517      5.09748186E-16
   5318.2026      5.45607009E-16
   5320.9531      7.03743983E-16
   5323.7041      6.44086712E-16
   5326.4551      5.50115818E-16
   5329.2061      6.16479314E-16
   5331.9570      6.23949086E-16
   5334.7075      5.16313909E-16
   5337.4585      5.58777418E-16
   5340.2095      5.94808505E-16
   5342.9604      6.40304974E-16
   5345.7114      5.47486416E-16
   5348.4619      6.10126885E-16
   5351.2129      5.67755120E-16
   5353.9639      5.86381110E-16
   5356.7148      6.24215901E-16
   5359.4653      6.23684176E-16
   5362.2163      6.58218980E-16
   5364.9673      5.75556823E-16
   5367.7183      5.56963126E-16
   5370.4692      6.13578120E-16
   5373.2197      6.50709080E-16
   5375.9707      5.45758680E-16
   5378.7217      6.83504608E-16
   5381.4727      5.34477419E-16
   5384.2236      6.04697298E-16
   5386.9741      6.75086477E-16
   5389.7251      5.44076896E-16
   5392.4761      4.62984821E-16
   5395.2271      6.05911413E-16
   5397.9775      5.76099295E-16
   5400.7285      7.55046599E-16
   5403.4795      6.06007181E-16
   5406.2305      5.09590691E-16
   5408.9814      5.59161283E-16
   5411.7319      4.47001309E-16
   5414.4829      5.59306178E-16
   5417.2339      5.62826024E-16
   5419.9849      7.61597816E-16
   5422.7358      5.54376023E-16
   5425.4863      4.84140104E-16
   5428.2373      5.34124101E-16
   5430.9883      5.25125117E-16
   5433.7393      3.53070411E-16
   5436.4897      4.12380399E-16
   5439.2407      5.85351489E-16
   5441.9917      5.90531095E-16
   5444.7427      6.23722610E-16
   5447.4937      6.12183004E-16
   5450.2441      7.06864082E-16
   5452.9951      6.09772719E-16
   5455.7461      4.82128983E-16
   5458.4971      5.27345613E-16
   5461.2480      4.15662705E-16
   5463.9985      5.44844679E-16
   5466.7495      5.76934416E-16
   5469.5005      5.04688806E-16
   5472.2515      4.06775106E-16
   5475.0020      5.72813707E-16
   5477.7529      5.88736497E-16
   5480.5039      5.44628421E-16
   5483.2549      5.01898520E-16
   5486.0059      6.02958921E-16
   5488.7563      6.00236981E-16
   5491.5073      4.99632919E-16
   5494.2583      5.20864276E-16
   5497.0093      5.89415606E-16
   5499.7603      6.99402516E-16
   5502.5107      5.74005800E-16
   5505.2617      5.08257991E-16
   5508.0127      5.27983906E-16
   5510.7637      6.40523879E-16
   5513.5146      4.93104095E-16
   5516.2651      4.99504699E-16
   5519.0161      6.17465419E-16
   5521.7671      6.48478895E-16
   5524.5181      5.53168683E-16
   5527.2686      5.05542191E-16
   5530.0195      5.32791506E-16
   5532.7705      5.90850215E-16
   5535.5215      5.76657225E-16
   5538.2725      4.84883481E-16
   5541.0229      4.52735775E-16
   5543.7739      1.09635095E-15
   5546.5249      2.67486398E-15
   5549.2759      2.25430492E-15
   5552.0269      1.13632996E-15
   5554.7773      4.61060309E-16
   5557.5283      5.98584420E-16
   5560.2793      6.89377511E-16
   5563.0303      6.13454983E-16
   5565.7808      6.23796779E-16
   5568.5317      7.32910187E-16
   5571.2827      6.22214574E-16
   5574.0337      7.33028983E-16
   5576.7847      6.59675083E-16
   5579.5352      6.94356106E-16
   5582.2861      7.58876087E-16
   5585.0371      6.47924089E-16
   5587.7881      6.29621083E-16
   5590.5391      5.25596014E-16
   5593.2896      6.67179689E-16
   5596.0405      5.85022310E-16
   5598.7915      5.19151576E-16
   5601.5425      5.44568493E-16
   5604.2930      6.70534892E-16
   5607.0439      6.47350118E-16
   5609.7949      6.85006503E-16
   5612.5459      7.21002703E-16
   5615.2969      6.46962812E-16
   5618.0474      5.44463779E-16
   5620.7983      6.14166279E-16
   5623.5493      6.32680090E-16
   5626.3003      6.57930195E-16
   5629.0513      6.89691601E-16
   5631.8018      5.98534180E-16
   5634.5527      5.88865881E-16
   5637.3037      6.09303304E-16
   5640.0547      4.59998977E-16
   5642.8052      4.47435202E-16
   5645.5562      5.56975991E-16
   5648.3071      6.03668788E-16
   5651.0581      6.11167888E-16
   5653.8091      6.16667620E-16
   5656.5596      5.33041381E-16
   5659.3105      4.95414483E-16
   5662.0615      6.62911384E-16
   5664.8125      6.17244026E-16
   5667.5635      6.36739919E-16
   5670.3140      7.20945317E-16
   5673.0649      5.15899922E-16
   5675.8159      4.11826598E-16
   5678.5669      4.62723988E-16
   5681.3179      5.84178983E-16
   5684.0684      5.89758283E-16
   5686.8193      5.18675014E-16
   5689.5703      6.31688320E-16
   5692.3213      4.96167813E-16
   5695.0718      5.26627118E-16
   5697.8228      6.56813117E-16
   5700.5737      6.52538301E-16
   5703.3247      5.95733995E-16
   5706.0757      5.57834776E-16
   5708.8262      5.88653382E-16
   5711.5771      5.51355980E-16
   5714.3281      6.00106485E-16
   5717.0791      4.77872590E-16
   5719.8301      5.24942475E-16
   5722.5806      5.80859196E-16
   5725.3315      6.04498986E-16
   5728.0825      6.03330398E-16
   5730.8335      6.02405491E-16
   5733.5840      6.03908922E-16
   5736.3350      5.65100307E-16
   5739.0859      5.39667508E-16
   5741.8369      5.40959498E-16
   5744.5879      5.17874620E-16
   5747.3384      5.41088405E-16
   5750.0894      5.15501605E-16
   5752.8403      5.63096174E-16
   5755.5913      4.21219691E-16
   5758.3423      4.84559385E-16
   5761.0928      6.28223320E-16
   5763.8438      4.92163094E-16
   5766.5947      4.74305416E-16
   5769.3457      5.73474181E-16
   5772.0962      5.05505504E-16
   5774.8472      5.22603923E-16
   5777.5981      6.19083887E-16
   5780.3491      5.40869977E-16
   5783.1001      5.01922078E-16
   5785.8506      5.44521324E-16
   5788.6016      5.96817985E-16
   5791.3525      5.82251983E-16
   5794.1035      4.93989509E-16
   5796.8545      4.93635608E-16
   5799.6050      5.95095279E-16
   5802.3560      4.54429894E-16
   5805.1069      5.26672116E-16
   5807.8579      5.37537008E-16
   5810.6084      5.24418109E-16
   5813.3594      4.99020196E-16
   5816.1104      5.21724385E-16
   5818.8613      4.87975522E-16
   5821.6123      4.95695222E-16
   5824.3628      4.02717394E-16
   5827.1138      4.41269305E-16
   5829.8647      6.69263707E-16
   5832.6157      5.33176112E-16
   5835.3667      4.02762711E-16
   5838.1172      4.16068407E-16
   5840.8682      4.53854017E-16
   5843.6191      4.38086393E-16
   5846.3701      4.67810791E-16
   5849.1206      4.69492787E-16
   5851.8716      3.96509807E-16
   5854.6226      3.74095595E-16
   5857.3735      3.01729203E-16
   5860.1245      3.61955204E-16
   5862.8750      4.60158484E-16
   5865.6260      5.00969484E-16
   5868.3770      4.29418890E-16
   5871.1279      3.05238910E-16
   5873.8789      2.67530804E-16
   5876.6294      2.92133696E-16
   5879.3804      4.09993407E-16
   5882.1313      3.44975794E-16
   5884.8823      2.52085899E-16
   5887.6333      2.66052599E-16
   5890.3838      2.68983889E-16
   5893.1348      3.56353908E-16
   5895.8857      3.95477910E-16
   5898.6367      1.93841200E-16
   5901.3872      2.10765395E-16
   5904.1382      2.20488195E-16
   5906.8892      1.91921294E-16
   5909.6401      3.42834706E-16
   5912.3911      3.92476792E-16
   5915.1416      3.14391896E-16
   5917.8926      2.64899310E-16
   5920.6436      2.54724989E-16
   5923.3945      2.31544291E-16
   5926.1455      2.11515006E-16
   5928.8960      1.91978006E-16
   5931.6470      2.03020999E-16
   5934.3979      1.73806502E-16
   5937.1489      1.96775706E-16
   5939.8994      2.38126002E-16
   5942.6504      2.45205689E-16
   5945.4014      2.60021407E-16
   5948.1523      3.16008511E-16
   5950.9033      3.51940998E-16
   5953.6538      3.43945802E-16
   5956.4048      3.16989110E-16
   5959.1558      1.62577400E-16
   5961.9067      2.32629896E-16
   5964.6577      1.88546503E-16
   5967.4082      2.22978512E-16
   5970.1592      2.95635013E-16
   5972.9102      2.68852307E-16
   5975.6611      3.33077310E-16
   5978.4116      3.39701796E-16
   5981.1626      2.79899893E-16
   5983.9136      2.80357688E-16
   5986.6646      3.09751187E-16
   5989.4155      3.87959910E-16
   5992.1660      4.15190404E-16
   5994.9170      2.95126105E-16
   5997.6680      2.23737189E-16
   6000.4189      2.33048092E-16
   6003.1699      1.90171404E-16
   6005.9204      2.37665189E-16
   6008.6714      3.25545493E-16
   6011.4224      3.28716493E-16
   6014.1733      3.56500206E-16
   6016.9238      3.53674610E-16
   6019.6748      2.82464391E-16
   6022.4258      3.06108204E-16
   6025.1768      3.27883913E-16
   6027.9277      3.04274087E-16
   6030.6782      3.11874196E-16
   6033.4292      3.03485499E-16
   6036.1802      2.10549203E-16
   6038.9312      1.45579897E-16
   6041.6821      2.16081903E-16
   6044.4326      3.40771996E-16
   6047.1836      4.22072097E-16
   6049.9346      4.20890910E-16
   6052.6855      3.68266606E-16
   6055.4365      2.68288501E-16
   6058.1870      2.86332712E-16
   6060.9380      3.72169601E-16
   6063.6890      4.04519589E-16
   6066.4399      4.18144405E-16
   6069.1904      2.17968801E-16
   6071.9414      1.75961698E-16
   6074.6924      2.89236208E-16
   6077.4434      3.47240204E-16
   6080.1943      3.32835588E-16
   6082.9448      2.99496504E-16
   6085.6958      3.42692510E-16
   6088.4468      2.86817797E-16
   6091.1978      3.36749489E-16
   6093.9487      3.30560987E-16
   6096.6992      3.30634493E-16
   6099.4502      3.54676412E-16
   6102.2012      4.12794201E-16
   6104.9521      4.35097108E-16
   6107.7026      3.68464997E-16
   6110.4536      3.08994707E-16
   6113.2046      3.79913891E-16
   6115.9556      4.00032194E-16
   6118.7065      3.19332109E-16
   6121.4570      3.74685792E-16
   6124.2080      4.82997192E-16
   6126.9590      4.67328088E-16
   6129.7100      4.32232390E-16
   6132.4609      4.17196496E-16
   6135.2114      4.15845505E-16
   6137.9624      3.78800704E-16
   6140.7134      3.47769811E-16
   6143.4644      3.69569104E-16
   6146.2148      3.55163403E-16
   6148.9658      3.46734790E-16
   6151.7168      3.50710313E-16
   6154.4678      3.76030113E-16
   6157.2188      4.25500992E-16
   6159.9692      5.04904693E-16
   6162.7202      5.12563724E-16
   6165.4712      4.26035788E-16
   6168.2222      4.43552297E-16
   6170.9731      4.83658619E-16
   6173.7236      4.36876195E-16
   6176.4746      4.43245406E-16
   6179.2256      5.21159097E-16
   6181.9766      4.89689917E-16
   6184.7271      4.19082309E-16
   6187.4780      5.02657885E-16
   6190.2290      5.04635178E-16
   6192.9800      5.10274511E-16
   6195.7310      4.56942300E-16
   6198.4814      4.16535652E-16
   6201.2324      4.15668502E-16
   6203.9834      4.59070523E-16
   6206.7344      5.02569265E-16
   6209.4854      5.17909666E-16
   6212.2358      4.56616192E-16
   6214.9868      5.53410988E-16
   6217.7378      4.88423020E-16
   6220.4888      3.85913425E-16
   6223.2393      4.20089008E-16
   6225.9902      4.14409175E-16
   6228.7412      5.18547535E-16
   6231.4922      6.10370777E-16
   6234.2432      5.51757685E-16
   6236.9937      4.70655022E-16
   6239.7446      5.08432744E-16
   6242.4956      5.15974037E-16
   6245.2466      6.37368894E-16
   6247.9976      4.84963526E-16
   6250.7480      4.73850877E-16
   6253.4990      4.30383793E-16
   6256.2500      4.42071551E-16
   6259.0010      5.38996869E-16
   6261.7520      5.71597950E-16
   6264.5024      6.01001587E-16
   6267.2534      5.52310321E-16
   6270.0044      5.23274508E-16
   6272.7554      5.42420471E-16
   6275.5059      5.69694984E-16
   6278.2568      5.35650295E-16
   6281.0078      5.44134071E-16
   6283.7588      5.12236981E-16
   6286.5098      4.15692192E-16
   6289.2603      4.72523100E-16
   6292.0112      4.04860097E-16
   6294.7622      3.98910246E-16
   6297.5132      4.42652404E-16
   6300.2642      4.61901836E-16
   6303.0146      5.00548667E-16
   6305.7656      5.93286758E-16
   6308.5166      5.09325623E-16
   6311.2676      3.84524027E-16
   6314.0181      4.59791507E-16
   6316.7690      6.29956296E-16
   6319.5200      5.89853098E-16
   6322.2710      4.76758159E-16
   6325.0220      5.52994671E-16
   6327.7725      5.04995326E-16
   6330.5234      4.78557839E-16
   6333.2744      4.84268112E-16
   6336.0254      5.45022132E-16
   6338.7764      5.23900942E-16
   6341.5269      5.12748906E-16
   6344.2778      5.55908306E-16
   6347.0288      5.00544220E-16
   6349.7798      5.71841948E-16
   6352.5303      6.40887363E-16
   6355.2813      5.09584338E-16
   6358.0322      4.39014397E-16
   6360.7832      5.16320050E-16
   6363.5342      5.69554218E-16
   6366.2847      5.05717739E-16
   6369.0356      5.37824576E-16
   6371.7866      5.84747660E-16
   6374.5376      5.49925500E-16
   6377.2886      5.36143798E-16
   6380.0391      5.34958534E-16
   6382.7900      5.49852020E-16
   6385.5410      5.80298672E-16
   6388.2920      5.09184062E-16
   6391.0425      4.74354438E-16
   6393.7935      4.98222980E-16
   6396.5444      4.09331107E-16
   6399.2954      5.07882490E-16
   6402.0464      4.97031892E-16
   6404.7969      4.57319388E-16
   6407.5479      4.74073594E-16
   6410.2988      5.37302486E-16
   6413.0498      5.45149981E-16
   6415.8008      4.96303285E-16
   6418.5513      6.14356385E-16
   6421.3022      5.60244585E-16
   6424.0532      4.83659889E-16
   6426.8042      5.01733084E-16
   6429.5552      4.74159515E-16
   6432.3057      5.53140625E-16
   6435.0566      6.61295721E-16
   6437.8076      5.02130819E-16
   6440.5586      5.23830903E-16
   6443.3091      5.60176611E-16
   6446.0601      5.27848592E-16
   6448.8110      5.66771080E-16
   6451.5620      5.68132315E-16
   6454.3130      5.59829115E-16
   6457.0635      5.94422523E-16
   6459.8145      5.86019586E-16
   6462.5654      6.17098283E-16
   6465.3164      5.15179097E-16
   6468.0674      4.45897308E-16
   6470.8179      4.89570379E-16
   6473.5688      4.70339926E-16
   6476.3198      4.45827480E-16
   6479.0708      4.58520481E-16
   6481.8213      5.81253384E-16
   6484.5723      5.25935780E-16
   6487.3232      4.84501099E-16
   6490.0742      5.64540313E-16
   6492.8252      4.58900693E-16
   6495.5757      3.83489508E-16
   6498.3267      3.76433591E-16
   6501.0776      4.70907491E-16
   6503.8286      3.76240891E-16
   6506.5796      4.50537883E-16
   6509.3301      5.83507921E-16
   6512.0811      5.08345923E-16
   6514.8320      5.13473226E-16
   6517.5830      5.68782306E-16
   6520.3335      4.88818585E-16
   6523.0845      4.45598623E-16
   6525.8354      4.90570090E-16
   6528.5864      4.70641205E-16
   6531.3374      5.05276911E-16
   6534.0879      5.48404123E-16
   6536.8389      5.62104405E-16
   6539.5898      5.01220417E-16
   6542.3408      4.91998717E-16
   6545.0918      5.20857394E-16
   6547.8423      5.13269620E-16
   6550.5933      5.49574776E-16
   6553.3442      5.62593090E-16
   6556.0952      5.42906879E-16
   6558.8457      5.30884411E-16
   6561.5967      4.91924919E-16
   6564.3477      4.63019126E-16
   6567.0986      4.60931984E-16
   6569.8496      4.87451791E-16
   6572.6001      4.87065015E-16
   6575.3511      4.74170897E-16
   6578.1021      4.40535404E-16
   6580.8530      5.45256178E-16
   6583.6040      5.81290495E-16
   6586.3545      5.23956105E-16
   6589.1055      4.95466205E-16
   6591.8564      4.72540994E-16
   6594.6074      5.65364105E-16
   6597.3584      5.03515612E-16
   6600.1089      4.96389683E-16
   6602.8599      4.84561609E-16
   6605.6108      4.50781988E-16
   6608.3618      4.76806387E-16
   6611.1123      5.32887591E-16
   6613.8633      4.48302881E-16
   6616.6143      4.92870208E-16
   6619.3652      4.69369385E-16
   6622.1162      4.20745802E-16
   6624.8667      4.44567413E-16
   6627.6177      4.32957900E-16
   6630.3687      4.70355119E-16
   6633.1196      5.06367784E-16
   6635.8706      4.66137319E-16
   6638.6211      4.40081791E-16
   6641.3721      4.55101379E-16
   6644.1230      4.69003308E-16
   6646.8740      4.80736408E-16
   6649.6245      5.17911678E-16
   6652.3755      5.00619024E-16
   6655.1265      4.49838605E-16
   6657.8774      4.26667489E-16
   6660.6284      4.99395220E-16
   6663.3789      4.70057705E-16
   6666.1299      4.86201412E-16
   6668.8809      4.94874817E-16
   6671.6318      3.99498590E-16
   6674.3828      4.68802878E-16
   6677.1333      5.58765189E-16
   6679.8843      5.02946406E-16
   6682.6353      4.83791920E-16
   6685.3862      4.23305509E-16
   6688.1367      5.35670783E-16
   6690.8877      5.49596587E-16
   6693.6387      5.05242024E-16
   6696.3896      5.09102694E-16
   6699.1406      5.45695259E-16
   6701.8911      4.53799701E-16
   6704.6421      3.70396338E-16
   6707.3931      3.62680979E-16
   6710.1440      3.72976056E-16
   6712.8950      5.06641217E-16
   6715.6455      5.13058073E-16
   6718.3965      4.27016917E-16
   6721.1475      4.65622111E-16
   6723.8984      4.10814870E-16
   6726.6489      4.42551395E-16
   6729.3999      4.26152440E-16
   6732.1509      2.96398931E-16
   6734.9019      4.41847537E-16
   6737.6528      4.59150197E-16
   6740.4033      4.37297594E-16
   6743.1543      4.19845830E-16
   6745.9053      4.18739711E-16
   6748.6563      4.20705224E-16
   6751.4072      4.64355479E-16
   6754.1577      4.58178968E-16
   6756.9087      4.26766804E-16
   6759.6597      5.12394053E-16
   6762.4106      4.82636091E-16
   6765.1611      3.87181328E-16
   6767.9121      4.51677937E-16
   6770.6631      5.17946724E-16
   6773.4141      4.89730998E-16
   6776.1650      4.51380946E-16
   6778.9155      4.64484863E-16
   6781.6665      4.02748761E-16
   6784.4175      3.65335104E-16
   6787.1685      4.50092662E-16
   6789.9194      4.83542258E-16
   6792.6699      4.37239069E-16
   6795.4209      4.21453737E-16
   6798.1719      4.41192542E-16
   6800.9229      4.19634389E-16
   6803.6738      4.39617538E-16
   6806.4243      4.38926253E-16
   6809.1753      4.65551807E-16
   6811.9263      3.91749562E-16
   6814.6772      3.79495854E-16
   6817.4277      4.48797866E-16
   6820.1787      3.89818485E-16
   6822.9297      3.76960949E-16
   6825.6807      4.18361034E-16
   6828.4316      4.43024675E-16
   6831.1821      4.12827685E-16
   6833.9331      3.77427690E-16
   6836.6841      4.88468601E-16
   6839.4351      4.42288656E-16
   6842.1860      4.01981323E-16
   6844.9365      4.00158720E-16
   6847.6875      3.75151845E-16
   6850.4385      4.22301723E-16
   6853.1895      4.40757644E-16
   6855.9399      3.91664514E-16
   6858.6909      4.09515787E-16
   6861.4419      4.25791286E-16
   6864.1929      3.52987878E-16
   6866.9438      3.36425684E-16
   6869.6943      3.57577738E-16
   6872.4453      3.70130793E-16
   6875.1963      3.11856276E-16
   6877.9473      3.27842302E-16
   6880.6982      3.92419803E-16
   6883.4487      5.05527633E-16
   6886.1997      4.50078421E-16
   6888.9507      3.76068520E-16
   6891.7017      4.48257618E-16
   6894.4521      4.47773009E-16
   6897.2031      4.15820835E-16
   6899.9541      3.93172736E-16
   6902.7051      3.53596789E-16
   6905.4561      4.00605979E-16
   6908.2065      4.62674913E-16
   6910.9575      5.19222779E-16
   6913.7085      5.17848574E-16
   6916.4595      3.88683911E-16
   6919.2104      3.43667895E-16
   6921.9609      3.56185719E-16
   6924.7119      3.36141928E-16
   6927.4629      3.54790603E-16
   6930.2139      3.58017030E-16
   6932.9644      3.69532311E-16
   6935.7153      3.69785124E-16
   6938.4663      3.39352157E-16
   6941.2173      3.25943651E-16
   6943.9683      3.81994892E-16
   6946.7188      3.56624852E-16
   6949.4697      2.27534146E-16
   6952.2207      2.63509276E-16
   6954.9717      3.01827009E-16
   6957.7227      3.03394549E-16
   6960.4731      3.57936298E-16
   6963.2241      4.05201451E-16
   6965.9751      3.65701075E-16
   6968.7261      3.15623640E-16
   6971.4771      3.26744653E-16
   6974.2275      3.95695835E-16
   6976.9785      3.63873019E-16
   6979.7295      3.71177249E-16
   6982.4805      3.78396008E-16
   6985.2310      3.53351970E-16
   6987.9819      3.35596148E-16
   6990.7329      3.30397562E-16
   6993.4839      3.50952061E-16
   6996.2349      3.28077539E-16
   6998.9854      3.41138761E-16
   7001.7363      3.49707717E-16
   7004.4873      3.62669941E-16
   7007.2383      3.72351448E-16
   7009.9893      3.67794385E-16
   7012.7397      3.54776441E-16
   7015.4907      3.42913401E-16
   7018.2417      3.31933260E-16
   7020.9927      3.24742056E-16
   7023.7432      3.19241344E-16
   7026.4941      3.24574529E-16
   7029.2451      3.54966627E-16
   7031.9961      3.88808796E-16
   7034.7471      3.85044714E-16
   7037.4976      3.43215289E-16
   7040.2485      3.15854033E-16
   7042.9995      3.26263539E-16
   7045.7505      3.54494935E-16
   7048.5015      3.81736838E-16
   7051.2520      3.82152758E-16
   7054.0029      3.58354732E-16
   7056.7539      3.44274106E-16
   7059.5049      3.42320134E-16
   7062.2554      3.41283233E-16
   7065.0063      3.49507896E-16
   7067.7573      3.64382642E-16
   7070.5083      3.71366984E-16
   7073.2593      3.74653869E-16
   7076.0098      3.65550700E-16
   7078.7607      3.45912215E-16
   7081.5117      3.48813091E-16
   7084.2627      3.71164041E-16
   7087.0137      3.86908107E-16
   7089.7642      3.93650012E-16
   7092.5151      3.86911415E-16
   7095.2661      3.62549663E-16
   7098.0171      3.41287653E-16
   7100.7676      3.41785365E-16
   7103.5186      3.43634861E-16
   7106.2695      3.30936328E-16
   7109.0205      3.19364879E-16
   7111.7715      3.16904275E-16
   7114.5220      3.24080708E-16
   7117.2729      3.38732975E-16
   7120.0239      3.48071990E-16
   7122.7749      3.52519469E-16
   7125.5259      3.62803058E-16
   7128.2764      3.82752007E-16
   7131.0273      3.97223353E-16
   7133.7783      3.80539504E-16
   7136.5293      3.50917677E-16
   7139.2803      3.39698196E-16
   7142.0308      3.37424098E-16
   7144.7817      3.33419114E-16
   7147.5327      3.37358559E-16
   7150.2837      3.39812519E-16
   7153.0342      3.27895215E-16
   7155.7852      3.15593068E-16
   7158.5361      3.18752712E-16
   7161.2871      3.32477134E-16
   7164.0381      3.40721438E-16
   7166.7886      3.40325583E-16
   7169.5396      3.35015242E-16
   7172.2905      3.26124811E-16
   7175.0415      3.16148112E-16
   7177.7925      3.01708159E-16
   7180.5430      2.71760330E-16
   7183.2939      2.37499727E-16
   7186.0449      2.39965175E-16
   7188.7959      2.79673762E-16
   7191.5464      3.09311524E-16
   7194.2974      3.18367921E-16
   7197.0483      3.27605054E-16
   7199.7993      3.35509195E-16
   7202.5503      3.35733235E-16
   7205.3008      3.25575007E-16
   7208.0518      3.02201768E-16
   7210.8027      2.79225549E-16
   7213.5537      2.66670933E-16
   7216.3047      2.66844230E-16
   7219.0552      2.66187886E-16
   7221.8062      2.57445129E-16
   7224.5571      2.54987675E-16
   7227.3081      2.54994928E-16
   7230.0586      2.45079137E-16
   7232.8096      2.35127346E-16
   7235.5605      2.37566934E-16
   7238.3115      2.49917150E-16
   7241.0625      2.51880043E-16
   7243.8130      2.32601203E-16
   7246.5640      2.34484845E-16
   7249.3149      2.66930575E-16
   7252.0659      2.76033241E-16
   7254.8169      2.74442884E-16
   7257.5674      2.90898696E-16
   7260.3184      3.02995411E-16
   7263.0693      2.95486094E-16
   7265.8203      2.75217178E-16
   7268.5708      2.44879210E-16
   7271.3218      2.33030913E-16
   7274.0728      2.58910655E-16
   7276.8237      2.84536446E-16
   7279.5747      2.80015434E-16
   7282.3252      2.65348238E-16
   7285.0762      2.42128312E-16
   7287.8271      2.07522159E-16
   7290.5781      1.98770178E-16
   7293.3291      2.12988790E-16
   7296.0796      2.13995357E-16
   7298.8306      2.06598972E-16
   7301.5815      2.18688555E-16
   7304.3325      2.43966400E-16
   7307.0830      2.45412973E-16
   7309.8340      2.29083581E-16
   7312.5850      2.03173253E-16
   7315.3359      1.61704797E-16
   7318.0869      1.32777100E-16
   7320.8374      1.35030697E-16
   7323.5884      1.51224432E-16
   7326.3394      1.64170827E-16
   7329.0903      1.83635287E-16
   7331.8413      2.12471399E-16
   7334.5918      2.33147169E-16
   7337.3428      2.37313221E-16
   7340.0938      2.20551087E-16
   7342.8447      1.90643254E-16
   7345.5957      1.76906960E-16
   7348.3462      1.84552161E-16
   7351.0972      1.96357947E-16
   7353.8481      2.09282121E-16
   7356.5991      2.22850663E-16
   7359.3496      2.36078670E-16
   7362.1006      2.49883190E-16
   7364.8516      2.57666920E-16
   7367.6025      2.52670960E-16
   7370.3535      2.26535203E-16
   7373.1040      1.85780041E-16
   7375.8550      1.68782895E-16
   7378.6060      1.92491347E-16
   7381.3569      2.24997018E-16
   7384.1079      2.38125737E-16
   7386.8584      2.28366832E-16
   7389.6094      2.10218582E-16
   7392.3604      2.04625266E-16
   7395.1113      2.09455657E-16
   7397.8618      2.11528717E-16
   7400.6128      2.16750146E-16
   7403.3638      2.29416015E-16
   7406.1147      2.39358038E-16
   7408.8657      2.41598943E-16
   7411.6162      2.34108286E-16
   7414.3672      2.24140323E-16
   7417.1182      2.27607891E-16
   7419.8691      2.42342929E-16
   7422.6201      2.54308646E-16
   7425.3706      2.50296965E-16
   7428.1216      2.40483056E-16
   7430.8726      2.40648625E-16
   7433.6235      2.44175802E-16
   7436.3740      2.50594089E-16
   7439.1250      2.55285116E-16
   7441.8760      2.54411481E-16
   7444.6270      2.45465172E-16
   7447.3779      2.31127551E-16
   7450.1284      2.25692379E-16
   7452.8794      2.35175230E-16
   7455.6304      2.44306669E-16
   7458.3813      2.34778157E-16
   7461.1323      2.14875596E-16
   7463.8828      2.11019214E-16
   7466.6338      2.27809644E-16
   7469.3848      2.44168682E-16
   7472.1357      2.48308423E-16
   7474.8862      2.50747534E-16
   7477.6372      2.59341107E-16
   7480.3882      2.60005419E-16
   7483.1392      2.42922273E-16
   7485.8901      2.18333383E-16
   7488.6406      2.03823987E-16
   7491.3916      2.10982090E-16
   7494.1426      2.22530193E-16
   7496.8936      2.23983490E-16
   7499.6445      2.25717922E-16
   7502.3950      2.38756803E-16
   7505.1460      2.38961415E-16
   7507.8970      2.08802714E-16
   7510.6479      1.87228057E-16
   7513.3989      1.97942309E-16
   7516.1494      2.16068695E-16
   7518.9004      2.24323706E-16
   7521.6514      2.20158593E-16
   7524.4023      2.08879648E-16
   7527.1528      2.08044474E-16
   7529.9038      2.15553911E-16
   7532.6548      2.09205306E-16
   7535.4058      1.92621235E-16
   7538.1567      1.90610167E-16
   7540.9072      2.06658225E-16
   7543.6582      2.21187063E-16
   7546.4092      2.23894948E-16
   7549.1602      2.29462708E-16
   7551.9111      2.52805480E-16
   7554.6616      2.74577906E-16
   7557.4126      2.75633071E-16
   7560.1636      2.68384269E-16
   7562.9146      2.60439311E-16
   7565.6650      2.45417447E-16
   7568.4160      2.26200890E-16
   7571.1670      2.09589912E-16
   7573.9180      1.96225267E-16
   7576.6689      1.95709464E-16
   7579.4194      2.20730486E-16
   7582.1704      2.47886707E-16
   7584.9214      2.53424873E-16
   7587.6724      2.53583215E-16
   7590.4233      2.47892636E-16
   7593.1738      2.23066894E-16
   7595.9248      1.91104132E-16
   7598.6758      1.76657006E-16
   7601.4268      1.73460304E-16
   7604.1772      1.55775262E-16
   7606.9282      1.38210988E-16
   7609.6792      1.58960794E-16
   7612.4302      1.93908394E-16
   7615.1812      1.86130951E-16
   7617.9316      1.72622813E-16
   7620.6826      2.06877064E-16
   7623.4336      2.49573732E-16
   7626.1846      2.56252004E-16
   7628.9355      2.27161399E-16
   7631.6860      1.96710299E-16
   7634.4370      2.03467280E-16
   7637.1880      2.34133989E-16
   7639.9390      2.60988586E-16
   7642.6895      2.76102618E-16
   7645.4404      2.76429943E-16
   7648.1914      2.68445387E-16
   7650.9424      2.46291082E-16
   7653.6934      2.01608387E-16
   7656.4438      1.58975313E-16
   7659.1948      1.47256691E-16
   7661.9458      1.56889798E-16
   7664.6968      1.66209622E-16
   7667.4478      1.65842023E-16
   7670.1982      1.59474956E-16
   7672.9492      1.62619460E-16
   7675.7002      1.80387922E-16
   7678.4512      1.84963607E-16
   7681.2017      1.58099044E-16
   7683.9526      1.21874250E-16
   7686.7036      1.03845306E-16
   7689.4546      1.16577555E-16
   7692.2056      1.50713697E-16
   7694.9561      1.92221965E-16
   7697.7070      2.10872479E-16
   7700.4580      1.81872744E-16
   7703.2090      1.34558886E-16
   7705.9600      1.10236315E-16
   7708.7104      1.11241327E-16
   7711.4614      1.15612533E-16
   7714.2124      1.08992659E-16
   7716.9634      9.03303794E-17
   7719.7144      8.61693235E-17
   7722.4648      1.06800340E-16
   7725.2158      1.04630446E-16
   7727.9668      6.30114427E-17
   7730.7178      3.00996599E-17
   7733.4683      3.72875616E-17
   7736.2192      7.08288289E-17
   7738.9702      9.72619677E-17
   7741.7212      1.01561130E-16
   7744.4722      9.20610266E-17
   7749.9736      7.14969327E-17
   7752.7246      4.67563510E-17
   7755.4756      4.24618609E-17
   7763.7280      6.01978639E-17
   7766.4790      6.93000403E-17
   7769.2300      6.52802866E-17
   7771.9805      6.11277341E-17
   7774.7314      5.78679145E-17
   7777.4824      6.21750109E-17
   7780.2334      7.81392394E-17
   7782.9844      1.05235095E-16
   7785.7349      1.27499515E-16
   7788.4858      1.15066607E-16
   7791.2368      8.29787621E-17
   7793.9878      5.95333534E-17
   7799.4893      5.47587213E-17
   7802.2402      7.03922959E-17
   7804.9912      8.68573392E-17
   7807.7422      9.88967677E-17
   7810.4927      1.12895463E-16
   7813.2437      1.26237899E-16
   7815.9946      1.15332430E-16
   7818.7456      7.99218401E-17
   7821.4966      6.40370739E-17
   7824.2471      7.63700456E-17
   7826.9980      9.08790119E-17
   7829.7490      9.50388040E-17
   7832.5000      8.44612286E-17
   7835.2510      6.55214263E-17
   7838.0015      4.86655633E-17
   7840.7524      4.17840658E-17
   7843.5034      3.98299873E-17
   7846.2544      3.11058655E-17
   7849.0049      2.91509565E-17
   7851.7559      5.09103495E-17
   7854.5068      8.11879227E-17
   7857.2578      8.91989221E-17
   7860.0088      9.41104162E-17
   7862.7593      1.17501363E-16
   7865.5103      1.30080716E-16
   7868.2612      1.04849715E-16
   7871.0122      6.64232451E-17
   7873.7632      5.77151773E-17
   7876.5137      7.64042644E-17
   7879.2646      8.82586427E-17
   7882.0156      9.36546132E-17
   7884.7666      1.12061082E-16
   7887.5176      1.18366369E-16
   7890.2681      9.23565087E-17
   7893.0190      6.85236816E-17
   7895.7700      6.05096051E-17
   7898.5210      5.99937356E-17
   7901.2715      8.15234073E-17
   7904.0225      1.18095292E-16
   7906.7734      1.44898154E-16
   7909.5244      1.51767327E-16
   7912.2754      1.43425654E-16
   7915.0259      1.51864140E-16
   7917.7769      1.79295170E-16
   7920.5278      1.92027068E-16
   7923.2788      1.75305525E-16
   7926.0298      1.34262081E-16
   7928.7803      9.53528812E-17
   7931.5313      8.69490173E-17
   7934.2822      9.04410827E-17
   7937.0332      8.78913812E-17
   7939.7837      1.00024420E-16
   7942.5347      1.09952771E-16
   7945.2856      9.48829764E-17
   7948.0366      7.52504666E-17
   7950.7876      6.10879103E-17
   7953.5381      6.03380744E-17
   7956.2891      7.38042637E-17
   7959.0400      9.35150513E-17
   7961.7910      1.17241139E-16
   7964.5420      1.37410224E-16
   7967.2925      1.39542047E-16
   7970.0435      1.21146623E-16
   7972.7944      1.02463359E-16
   7975.5454      8.38307251E-17
   7978.2959      6.40010220E-17
   7981.0469      7.20880294E-17
   7983.7979      1.02589673E-16
   7986.5488      1.39202414E-16
   7989.2998      1.84544551E-16
   7992.0503      1.99733135E-16
   7994.8013      1.65027257E-16
   7997.5522      1.27771254E-16
   8000.3032      1.21254924E-16
   8003.0542      1.23766032E-16
   8005.8047      1.17537733E-16
   8008.5557      1.17249556E-16
   8011.3066      1.10398575E-16
   8014.0576      1.03838815E-16
   8016.8081      1.36380523E-16
   8019.5591      1.84147795E-16
   8022.3101      2.04059965E-16
   8025.0610      2.02497586E-16
   8027.8120      1.93515225E-16
   8030.5625      1.83312303E-16
   8033.3135      1.73253588E-16
   8036.0645      1.55738283E-16
   8038.8154      1.38918459E-16
   8041.5664      1.27605222E-16
   8044.3169      1.07855663E-16
   8047.0679      8.80767093E-17
   8049.8188      7.84575848E-17
   8052.5698      8.57433321E-17
   8055.3208      1.18281322E-16
   8058.0713      1.44730190E-16
   8060.8223      1.44911852E-16
   8063.5732      1.40680605E-16
   8066.3242      1.44603784E-16
   8069.0747      1.54243628E-16
   8071.8257      1.57702791E-16
   8074.5767      1.56330214E-16
   8077.3276      1.56382095E-16
   8080.0786      1.44315581E-16
   8082.8291      1.35003115E-16
   8085.5801      1.38375551E-16
   8088.3311      1.26983937E-16
   8091.0820      1.11739117E-16
   8093.8330      1.14080859E-16
   8096.5835      1.15726048E-16
   8099.3345      1.11012780E-16
   8102.0854      1.06589058E-16
   8104.8364      9.43849012E-17
   8107.5869      8.04581575E-17
   8110.3379      8.95585471E-17
   8113.0889      1.13618789E-16
   8115.8398      1.17923464E-16
   8118.5908      1.01215342E-16
   8121.3413      9.57011308E-17
   8124.0923      1.12107193E-16
   8126.8433      1.27857598E-16
   8129.5942      1.31634399E-16
   8132.3452      1.33585526E-16
   8135.0957      1.39350936E-16
   8137.8467      1.41129771E-16
   8140.5977      1.38043011E-16
   8143.3486      1.48530668E-16
   8146.0991      1.64288261E-16
   8148.8501      1.57894684E-16
   8151.6011      1.29910012E-16
   8154.3521      1.13149957E-16
   8157.1030      1.27577548E-16
   8159.8535      1.42600127E-16
   8162.6045      1.34113135E-16
   8165.3555      1.43780309E-16
   8168.1064      1.83399521E-16
   8170.8574      2.00506026E-16
   8173.6079      1.86041112E-16
   8176.3589      1.70355875E-16
   8179.1099      1.60678868E-16
   8181.8608      1.45538855E-16
   8184.6113      1.36964553E-16
   8187.3623      1.54076722E-16
   8190.1133      1.55189247E-16
   8192.8643      1.27820766E-16
   8195.6152      1.15087518E-16
   8198.3662      1.23483123E-16
   8201.1172      1.40880876E-16
   8203.8672      1.47108050E-16
   8206.6182      1.48633596E-16
   8209.3691      1.72886651E-16
   8212.1201      1.81110957E-16
   8214.8711      1.64933448E-16
   8217.6221      1.78156321E-16
   8220.3730      2.09848601E-16
   8223.1240      2.15854938E-16
   8225.8750      2.00520571E-16
   8228.6260      1.97273510E-16
   8231.3760      2.06659469E-16
   8234.1270      1.94374063E-16
   8236.8779      1.65833474E-16
   8239.6289      1.71100933E-16
   8242.3799      2.13519682E-16
   8245.1309      2.44698051E-16
   8247.8818      2.45396853E-16
   8250.6328      2.33860820E-16
   8253.3838      2.10027709E-16
   8256.1338      1.70183067E-16
   8258.8848      1.40810175E-16
   8261.6357      1.44941194E-16
   8264.3867      1.76703381E-16
   8267.1377      2.10577221E-16
   8269.8887      2.20749862E-16
   8272.6396      2.11392570E-16
   8275.3906      2.02085729E-16
   8278.1416      1.99850317E-16
   8280.8926      2.16329449E-16
   8283.6426      2.56474668E-16
   8286.3936      2.93249000E-16
   8289.1445      3.01175217E-16
   8291.8955      2.94815535E-16
   8294.6465      2.95691790E-16
   8297.3975      3.20145261E-16
   8300.1484      3.49777676E-16
   8302.8994      3.36937160E-16
   8305.6504      3.11298611E-16
   8308.4004      2.94187460E-16
   8311.1514      2.59389520E-16
   8313.9023      2.28488090E-16
   8316.6533      2.29721873E-16
   8319.4043      2.43137049E-16
   8322.1553      2.38511772E-16
   8324.9063      2.38057498E-16
   8327.6572      2.62908465E-16
   8330.4082      2.82969726E-16
   8333.1582      2.77732495E-16
   8335.9092      2.82594252E-16
   8338.6602      3.26046407E-16
   8341.4111      3.81396066E-16
   8344.1621      3.98711828E-16
   8346.9131      3.89311960E-16
   8349.6641      3.89002978E-16
   8352.4150      3.65060559E-16
   8355.1660      2.91592733E-16
   8357.9170      2.23213087E-16
   8360.6670      2.09872662E-16
   8363.4180      2.42481869E-16
   8366.1689      2.80186667E-16
   8368.9199      2.74484838E-16
   8371.6709      2.28736827E-16
   8374.4219      1.92505271E-16
   8377.1729      1.83776411E-16
   8379.9238      1.95239559E-16
   8382.6748      2.10091210E-16
   8385.4248      2.23512248E-16
   8388.1758      2.38772659E-16
   8390.9268      2.40057766E-16
   8393.6777      2.50717120E-16
   8396.4287      2.97504335E-16
   8399.1797      3.42510795E-16
   8401.9307      3.56670142E-16
   8404.6816      3.47010261E-16
   8407.4326      3.12858237E-16
   8410.1826      2.72434648E-16
   8412.9336      2.70180640E-16
   8415.6846      3.00446477E-16
   8418.4355      3.07078640E-16
   8421.1865      2.80236960E-16
   8423.9375      2.66454516E-16
   8426.6885      2.80170944E-16
   8429.4395      2.71612549E-16
   8432.1904      2.23971896E-16
   8434.9414      1.72363555E-16
   8437.6914      1.53051045E-16
   8440.4424      1.81753180E-16
   8443.1934      2.23769138E-16
   8445.9443      2.53495785E-16
   8448.6953      2.76405221E-16
   8451.4463      2.71931510E-16
   8454.1973      2.43059175E-16
   8456.9482      2.19393961E-16
   8459.6992      2.04501811E-16
   8462.4492      2.12126723E-16
   8465.2002      2.30225779E-16
   8467.9512      2.20230406E-16
   8470.7021      2.18706805E-16
   8473.4531      2.58100071E-16
   8476.2041      2.84074972E-16
   8478.9551      2.76430341E-16
   8481.7061      2.48946583E-16
   8484.4570      2.20344160E-16
   8487.2080      2.17112835E-16
   8489.9580      2.29882915E-16
   8492.7090      2.33150107E-16
   8495.4600      2.33196561E-16
   8498.2109      2.38502508E-16
   8500.9619      2.47231341E-16
   8503.7129      2.74455774E-16
   8506.4639      3.27082699E-16
   8509.2148      3.94219775E-16
   8511.9658      4.76255921E-16
   8514.7158      5.14199768E-16
   8517.4668      4.20413289E-16
   8520.2178      2.87927119E-16
   8528.4707      2.36291699E-16
   8531.2217      2.28761709E-16
   8533.9727      2.19170649E-16
   8536.7236      2.30695855E-16
   8539.4736      2.69482659E-16
   8542.2246      2.84425379E-16
   8544.9756      2.45537778E-16
   8547.7266      1.95529959E-16
   8550.4775      1.79517741E-16
   8553.2285      1.93128171E-16
   8555.9795      2.01917130E-16
   8558.7305      1.86774193E-16
   8561.4814      1.64797023E-16
   8564.2324      1.57099929E-16
   8566.9824      1.73420493E-16
   8569.7334      2.00332848E-16
   8572.4844      2.21116985E-16
   8575.2354      2.17181987E-16
   8577.9863      1.97164428E-16
   8580.7373      1.92088676E-16
   8583.4883      1.97413562E-16
   8586.2393      2.00358034E-16
   8588.9902      2.07713522E-16
   8591.7402      2.21415577E-16
   8594.4912      2.41447695E-16
   8597.2422      2.59921060E-16
   8599.9932      2.56539281E-16
   8602.7441      2.29124900E-16
   8605.4951      2.05336827E-16
   8608.2461      1.98116493E-16
   8610.9971      1.92738390E-16
   8613.7480      1.91262964E-16
   8616.4990      1.88004574E-16
   8619.2490      1.85856631E-16
   8622.0000      1.92642808E-16
   8624.7510      2.09213776E-16
   8627.5020      2.22737266E-16
   8630.2529      2.27792068E-16
   8633.0039      2.21664525E-16
   8635.7549      2.12476005E-16
   8638.5059      2.18037371E-16
   8641.2568      2.23597110E-16
   8644.0068      2.32015744E-16
   8646.7578      2.59688681E-16
   8649.5088      2.72208702E-16
   8652.2598      2.57629756E-16
   8655.0107      2.41457674E-16
   8657.7617      2.10254581E-16
   8660.5127      1.78429026E-16
   8663.2637      1.94470361E-16
   8666.0146      2.26954405E-16
   8668.7646      2.11966157E-16
   8671.5156      1.81986710E-16
   8674.2666      1.69988210E-16
   8677.0176      1.58310723E-16
   8679.7686      1.52408531E-16
   8682.5195      1.62332514E-16
   8685.2705      1.75104607E-16
   8688.0215      1.65688234E-16
   8690.7725      1.35856210E-16
   8693.5234      1.28984814E-16
   8696.2734      1.59682691E-16
   8699.0244      1.93349511E-16
   8701.7754      1.96221178E-16
   8704.5264      1.77992843E-16
   8707.2773      1.73210548E-16
   8710.0283      1.84964599E-16
   8712.7793      1.94638444E-16
   8715.5303      1.96398565E-16
   8718.2813      1.87238817E-16
   8721.0313      1.72514750E-16
   8723.7822      1.67646865E-16
   8726.5332      1.68551894E-16
   8729.2842      1.74380168E-16
   8732.0352      1.94477375E-16
   8734.7861      1.97285342E-16
   8737.5371      1.73235827E-16
   8740.2881      1.66462568E-16
   8743.0391      1.74775574E-16
   8745.7891      1.69660752E-16
   8748.5400      1.60014106E-16
   8751.2910      1.74421567E-16
   8754.0420      1.87505487E-16
   8756.7930      1.79030670E-16
   8759.5439      1.78364492E-16
   8762.2949      1.79601081E-16
   8765.0459      1.55932386E-16
   8773.2979      1.47192727E-16
   8776.0488      1.59989436E-16
   8787.0527      1.43492278E-16
   8789.8037      1.17702904E-16
