   3720.5208      1.80592202E-14
   3723.2729      1.62766698E-14
   3726.0251      6.70087807E-15
   3728.7773      4.32205803E-15
   3731.5295      3.85439717E-15
   3748.0430      2.10188304E-15
   3750.7952      2.75976590E-15
   3753.5474      3.20732901E-15
   3756.2996      1.08728402E-14
   3764.5564      1.07658997E-14
   3767.3086      5.09532119E-15
   3770.0608      4.77354608E-15
   3772.8130      2.11365197E-14
   3775.5652      7.72988122E-15
   3778.3174      1.31521000E-14
   3781.0698      4.84580688E-15
   3783.8220      1.18543904E-14
   3786.5742      7.54355430E-15
   3797.5830      6.81602203E-15
   3800.3352      7.96413581E-15
   3803.0876      1.18257201E-14
   3805.8398      1.09700397E-14
   3808.5920      6.73145892E-15
   3811.3442      7.20036281E-15
   3814.0964      8.88254822E-15
   3816.8486      5.92858011E-15
   3819.6008      7.13697764E-15
   3822.3530      7.19412018E-15
   3825.1055      5.25702401E-15
   3827.8577      1.11467196E-15
   3830.6099      4.58038699E-15
   3833.3621      9.22546697E-15
   3836.1143      9.33405320E-15
   3838.8665      3.25291696E-15
   3841.6187      5.77388182E-15
   3844.3708      9.56974436E-15
   3847.1233      8.47150177E-15
   3849.8755      8.59697699E-15
   3852.6277      1.19879701E-14
   3855.3799      1.02826700E-14
   3858.1321      2.24649507E-15
   3860.8843      2.43178691E-15
   3863.6365      7.45398142E-15
   3866.3889      6.16746204E-15
   3869.1411      1.00893703E-14
   3871.8933      1.13035302E-14
   3874.6455      6.43720815E-15
   3877.3977      1.02960997E-14
   3880.1499      9.58618273E-15
   3882.9021      7.57582965E-15
   3885.6543      1.45851704E-14
   3888.4067      1.21424299E-14
   3891.1589      7.37177009E-15
   3893.9111      1.58498499E-14
   3896.6633      2.85709397E-14
   3899.4155      1.67604408E-14
   3902.1677      1.01186996E-14
   3904.9199      1.07728996E-14
   3907.6721      8.53954816E-15
   3910.4246      9.06958241E-15
   3913.1768      1.03509002E-14
   3915.9290      1.02751000E-14
   3918.6812      8.31429838E-15
   3921.4333      1.06829998E-14
   3924.1855      1.33444696E-14
   3926.9377      9.29151182E-15
   3929.6899      8.72029482E-15
   3932.4424      5.83603414E-15
   3935.1946      9.04905033E-15
   3937.9468      9.44921242E-15
   3940.6990      8.42235776E-15
   3943.4512      9.92279701E-15
   3946.2034      1.03245803E-14
   3948.9556      9.78283074E-15
   3951.7078      8.76982084E-15
   3954.4602      9.71258799E-15
   3957.2124      9.87985413E-15
   3959.9646      9.04648637E-15
   3962.7168      8.76078469E-15
   3965.4690      8.87573130E-15
   3968.2212      9.22700264E-15
   3970.9734      9.48596687E-15
   3973.7258      1.00643396E-14
   3976.4780      8.27867302E-15
   3979.2302      9.49233063E-15
   3981.9824      8.64391363E-15
   3984.7346      9.64216906E-15
   3987.4868      8.51393812E-15
   3990.2390      1.01170903E-14
   3992.9912      1.04795399E-14
   3995.7437      1.04112699E-14
   3998.4958      9.81993841E-15
   4001.2480      1.04501097E-14
   4004.0002      1.03664000E-14
   4006.7524      8.37890582E-15
   4009.5046      8.56800762E-15
   4012.2568      9.46375004E-15
   4015.0090      1.06705001E-14
   4017.7615      1.16541603E-14
   4020.5137      9.43656875E-15
   4023.2659      1.07226002E-14
   4026.0181      1.06635798E-14
   4028.7703      1.08250404E-14
   4031.5225      1.02769296E-14
   4034.2747      9.80206686E-15
   4037.0269      1.03299598E-14
   4039.7793      1.00203201E-14
   4042.5315      1.10429396E-14
   4045.2837      1.15112997E-14
   4048.0359      1.27400997E-14
   4050.7881      1.24685198E-14
   4053.5403      1.28617904E-14
   4056.2925      1.15645197E-14
   4059.0449      1.20618203E-14
   4061.7971      1.24958603E-14
   4064.5493      1.18644100E-14
   4067.3015      1.08722100E-14
   4070.0537      1.04270001E-14
   4072.8059      1.08886899E-14
   4075.5581      1.04023998E-14
   4078.3103      1.06712599E-14
   4081.0627      1.04003203E-14
   4083.8149      1.01977998E-14
   4086.5671      1.05199696E-14
   4089.3193      1.09793901E-14
   4092.0715      1.14664197E-14
   4094.8237      1.19414798E-14
   4097.5762      9.50676407E-15
   4100.3281      1.01698096E-14
   4103.0806      1.16254001E-14
   4105.8325      1.06575303E-14
   4108.5850      9.58701536E-15
   4111.3369      1.12577701E-14
   4114.0894      1.10342203E-14
   4116.8418      1.01020402E-14
   4119.5938      1.00863498E-14
   4122.3462      9.63264841E-15
   4125.0981      7.98547341E-15
   4127.8506      8.90452280E-15
   4130.6025      9.60288113E-15
   4133.3550      9.46826134E-15
   4136.1074      9.69345267E-15
   4138.8594      1.00350797E-14
   4141.6118      9.00820386E-15
   4144.3638      9.06884041E-15
   4147.1162      1.02845902E-14
   4149.8682      1.04640502E-14
   4152.6206      9.12760840E-15
   4155.3730      7.02574697E-15
   4158.1250      1.71611903E-15
   4160.8774      8.76134405E-16
   4166.3818      5.99938190E-15
   4169.1338      9.43873716E-15
   4171.8862      8.46116881E-15
   4174.6382      7.97921808E-15
   4177.3906      8.61289274E-15
   4180.1431      8.12055061E-15
   4182.8950      8.54314635E-15
   4185.6475      8.10308479E-15
   4188.3994      7.72475667E-15
   4191.1519      7.59830736E-15
   4193.9038      7.64408187E-15
   4196.6563      8.26044826E-15
   4199.4087      7.87571912E-15
   4202.1606      8.10859812E-15
   4204.9131      7.71194276E-15
   4207.6650      7.28079621E-15
   4210.4175      6.25165499E-15
   4213.1694      6.70526909E-15
   4215.9219      6.10206601E-15
   4218.6738      5.65262313E-15
   4221.4263      6.72424983E-15
   4224.1787      6.27123797E-15
   4226.9307      5.17838293E-15
   4229.6831      5.27617204E-15
   4232.4351      5.60237120E-15
   4235.1875      4.78287911E-15
   4237.9395      4.78548289E-15
   4240.6919      4.69351290E-15
   4243.4443      4.72308112E-15
   4246.1963      4.47200701E-15
   4248.9487      4.91152097E-15
   4251.7007      5.45902020E-15
   4254.4531      5.33085013E-15
   4257.2051      4.84145610E-15
   4259.9575      4.48574885E-15
   4262.7100      4.03924602E-15
   4265.4619      4.52819621E-15
   4268.2144      4.57558601E-15
   4270.9663      4.47980395E-15
   4273.7188      3.83229300E-15
   4276.4707      4.23855287E-15
   4279.2231      4.42316793E-15
   4281.9751      4.49832601E-15
   4284.7275      4.11253596E-15
   4287.4800      3.64435714E-15
   4290.2319      3.51002597E-15
   4292.9844      4.47083005E-15
   4295.7363      4.64222294E-15
   4298.4888      3.77439279E-15
   4301.2407      3.27646299E-15
   4303.9932      4.00673816E-15
   4306.7456      3.61858404E-15
   4309.4976      3.85266795E-15
   4312.2500      3.78288599E-15
   4315.0020      4.53132303E-15
   4317.7544      4.00747085E-15
   4320.5063      4.31413701E-15
   4323.2588      4.43817820E-15
   4326.0112      3.32764008E-15
   4328.7632      4.45994907E-15
   4331.5156      1.96434204E-15
   4334.2676      1.69447205E-15
   4337.0200      4.82689391E-15
   4339.7720      5.16714111E-15
   4342.5244      5.02478283E-15
   4345.2764      5.14321794E-15
   4348.0288      4.91349710E-15
   4350.7813      4.75226692E-15
   4353.5332      5.61233401E-15
   4356.2856      4.28169395E-15
   4359.0376      4.79773310E-15
   4361.7900      4.57001804E-15
   4364.5420      4.77020580E-15
   4367.2944      4.96859490E-15
   4370.0469      5.14444317E-15
   4372.7988      6.92517705E-15
   4375.5513      5.91071280E-15
   4378.3032      5.14847505E-15
   4381.0557      5.55268213E-15
   4383.8076      6.29506585E-15
   4386.5601      6.18046780E-15
   4389.3120      5.96078388E-15
   4392.0645      5.74415605E-15
   4394.8169      5.65827919E-15
   4397.5688      5.55030790E-15
   4400.3213      5.96063988E-15
   4403.0732      5.90134800E-15
   4405.8257      6.07612605E-15
   4408.5776      6.43489617E-15
   4411.3301      6.45698806E-15
   4414.0825      7.27954430E-15
   4416.8345      7.01193398E-15
   4419.5869      6.98163307E-15
   4422.3389      6.46013479E-15
   4425.0913      6.11276615E-15
   4427.8433      6.85330885E-15
   4430.5957      7.15652377E-15
   4433.3481      6.79451417E-15
   4436.1001      7.14247997E-15
   4438.8525      6.52148793E-15
   4441.6045      7.19121316E-15
   4444.3569      6.89657910E-15
   4447.1089      6.88872118E-15
   4449.8613      6.88507004E-15
   4452.6133      7.10081696E-15
   4455.3657      7.60189708E-15
   4458.1182      7.22443379E-15
   4460.8701      6.80033498E-15
   4463.6226      6.46218588E-15
   4466.3745      7.20583803E-15
   4469.1270      7.36600010E-15
   4471.8789      7.52964517E-15
   4474.6313      7.40496616E-15
   4477.3838      7.47575440E-15
   4480.1357      7.78076080E-15
   4482.8882      7.41152304E-15
   4485.6401      7.07031699E-15
   4488.3926      7.29847210E-15
   4491.1445      6.82777292E-15
   4493.8970      6.97076098E-15
   4496.6489      7.31079473E-15
   4499.4014      7.35909763E-15
   4502.1538      7.34622527E-15
   4504.9058      6.83769507E-15
   4507.6582      7.05877109E-15
   4510.4102      6.56638194E-15
   4513.1626      6.28280082E-15
   4515.9146      6.24102007E-15
   4518.6670      6.06178620E-15
   4521.4194      6.25682105E-15
   4524.1714      6.55210690E-15
   4526.9238      6.70476807E-15
   4529.6758      6.66669987E-15
   4532.4282      6.22571588E-15
   4535.1802      5.92625882E-15
   4537.9326      6.14068902E-15
   4540.6851      5.79381801E-15
   4543.4370      6.13140596E-15
   4546.1895      6.18597182E-15
   4548.9414      6.10039608E-15
   4551.6938      5.61321704E-15
   4554.4458      5.73722817E-15
   4557.1982      5.83924990E-15
   4559.9502      5.87128214E-15
   4562.7026      5.88191198E-15
   4565.4551      5.56183094E-15
   4568.2070      6.25487795E-15
   4570.9595      6.23012299E-15
   4573.7114      5.56376895E-15
   4576.4639      5.40834010E-15
   4579.2158      5.58805381E-15
   4581.9683      5.48356509E-15
   4584.7207      4.80578415E-15
   4587.4727      5.61773511E-15
   4590.2251      5.57076798E-15
   4592.9771      4.91434498E-15
   4595.7295      5.12328513E-15
   4598.4814      5.52495620E-15
   4601.2339      5.19280282E-15
   4603.9863      4.83307301E-15
   4606.7383      5.01812599E-15
   4609.4907      5.22999985E-15
   4612.2427      5.02534610E-15
   4614.9951      4.96025882E-15
   4617.7471      4.46782690E-15
   4620.4995      5.24260921E-15
   4623.2515      4.70185406E-15
   4626.0039      4.53686220E-15
   4628.7563      4.40182694E-15
   4631.5083      4.58919783E-15
   4634.2607      5.00037811E-15
   4637.0127      4.51643092E-15
   4639.7651      4.81998720E-15
   4642.5171      5.17744019E-15
   4645.2695      4.49897992E-15
   4648.0220      4.82639712E-15
   4650.7739      5.02134218E-15
   4653.5264      4.63611498E-15
   4656.2783      4.19939708E-15
   4659.0308      4.26254889E-15
   4661.7827      4.92966187E-15
   4664.5352      4.64042807E-15
   4667.2871      4.40203997E-15
   4670.0396      4.16135513E-15
   4672.7920      4.07765091E-15
   4675.5439      4.21015609E-15
   4678.2964      3.85095017E-15
   4681.0483      4.29315092E-15
   4683.8008      4.11871380E-15
   4686.5527      3.65969013E-15
   4689.3052      3.94011902E-15
   4692.0576      4.18039304E-15
   4694.8096      4.15806991E-15
   4697.5620      3.64202399E-15
   4700.3140      3.81232716E-15
   4703.0664      4.01588993E-15
   4705.8184      3.58420594E-15
   4708.5708      4.11090797E-15
   4711.3232      4.13466004E-15
   4714.0752      3.71445293E-15
   4716.8276      3.25513195E-15
   4719.5796      3.65241412E-15
   4722.3320      3.78536314E-15
   4725.0840      3.81388401E-15
   4727.8364      3.84638212E-15
   4730.5884      3.84639017E-15
   4733.3408      3.82468791E-15
   4736.0933      4.29926480E-15
   4738.8452      4.27319397E-15
   4741.5977      3.96360004E-15
   4744.3496      4.01189786E-15
   4747.1021      3.56513584E-15
   4749.8540      3.77863304E-15
   4752.6064      3.81026294E-15
   4755.3589      4.09676082E-15
   4758.1108      4.43209693E-15
   4760.8633      4.15571686E-15
   4763.6152      3.90799995E-15
   4766.3677      4.09959711E-15
   4769.1196      4.21976991E-15
   4771.8721      3.96801902E-15
   4774.6245      3.63293617E-15
   4777.3765      3.95810492E-15
   4780.1289      4.06644509E-15
   4782.8809      3.74403809E-15
   4785.6333      3.66966182E-15
   4788.3853      3.38658998E-15
   4791.1377      3.68452979E-15
   4793.8896      3.90659303E-15
   4796.6421      3.68586514E-15
   4799.3945      3.96892788E-15
   4802.1465      3.64960705E-15
   4804.8989      3.36593402E-15
   4807.6509      3.27938801E-15
   4810.4033      3.54588109E-15
   4813.1553      3.51135708E-15
   4815.9077      3.18869195E-15
   4818.6602      3.21868497E-15
   4821.4121      3.48965695E-15
   4824.1646      3.13503496E-15
   4826.9165      3.20004495E-15
   4829.6689      3.56737497E-15
   4832.4209      3.20542106E-15
   4835.1733      3.09174797E-15
   4837.9253      2.99496895E-15
   4840.6777      2.74071401E-15
   4843.4302      3.09986700E-15
   4846.1821      3.09186995E-15
   4848.9346      2.98155809E-15
   4851.6865      2.88999807E-15
   4854.4390      2.65423004E-15
   4857.1909      2.84111092E-15
   4859.9434      3.04217092E-15
   4862.6958      2.62816493E-15
   4865.4478      3.16187298E-15
   4868.2002      2.85151291E-15
   4870.9521      2.79864599E-15
   4873.7046      2.64033108E-15
   4876.4565      2.72125809E-15
   4879.2090      2.90616305E-15
   4881.9614      2.84047798E-15
   4884.7134      3.09199891E-15
   4887.4658      3.21917709E-15
   4890.2178      3.07718091E-15
   4892.9702      3.05327510E-15
   4895.7222      3.28292310E-15
   4898.4746      3.17724007E-15
   4901.2266      3.30642593E-15
   4903.9790      3.35338607E-15
   4906.7314      3.24519096E-15
   4909.4834      3.07315793E-15
   4912.2358      3.31288308E-15
   4914.9878      3.25607406E-15
   4917.7402      3.60654093E-15
   4920.4922      3.29043395E-15
   4923.2446      3.38220595E-15
   4925.9971      3.50688200E-15
   4928.7490      3.48765202E-15
   4931.5015      3.23095297E-15
   4934.2534      3.67283989E-15
   4937.0059      3.59681995E-15
   4939.7578      3.39684691E-15
   4942.5103      3.69508382E-15
   4945.2622      3.62759309E-15
   4948.0146      3.49555399E-15
   4950.7671      3.77942586E-15
   4953.5190      3.81139500E-15
   4956.2715      3.64299299E-15
   4959.0234      3.76639299E-15
   4961.7759      3.89696312E-15
   4964.5278      3.85678284E-15
   4967.2803      3.68899196E-15
   4970.0327      3.76176988E-15
   4972.7847      4.03075409E-15
   4975.5371      4.10031116E-15
   4978.2891      4.08035507E-15
   4981.0415      3.87071611E-15
   4983.7935      3.80617685E-15
   4986.5459      4.04853500E-15
   4989.2983      4.26628007E-15
   4992.0503      4.02923409E-15
   4994.8027      4.12248183E-15
   4997.5547      4.23089103E-15
   5000.3071      4.11667796E-15
   5003.0591      4.20698099E-15
   5005.8115      4.23091094E-15
   5008.5635      4.36081318E-15
   5011.3159      4.56205211E-15
   5014.0684      4.57925620E-15
   5016.8203      4.45646480E-15
   5019.5728      4.52113788E-15
   5022.3247      4.46230382E-15
   5025.0771      4.67456985E-15
   5027.8291      4.98909902E-15
   5030.5815      4.68074684E-15
   5033.3340      4.61083105E-15
   5036.0859      4.66469896E-15
   5038.8384      4.93225718E-15
   5041.5903      4.87025606E-15
   5044.3428      5.01444691E-15
   5047.0947      5.29922404E-15
   5049.8472      5.21131303E-15
   5052.5996      4.91879995E-15
   5055.3516      5.23108998E-15
   5058.1040      5.22883814E-15
   5060.8560      5.32234084E-15
   5063.6084      5.68136804E-15
   5066.3604      5.64756380E-15
   5069.1128      5.45014795E-15
   5071.8647      5.23828807E-15
   5074.6172      5.29960012E-15
   5077.3696      5.57332983E-15
   5080.1216      5.53535099E-15
   5082.8740      5.67924199E-15
   5085.6260      5.47788404E-15
   5088.3784      5.51547791E-15
   5091.1304      5.71975896E-15
   5093.8828      5.54179098E-15
   5096.6353      5.83919992E-15
   5099.3872      5.76924305E-15
   5102.1396      5.69030593E-15
   5104.8916      5.82490285E-15
   5107.6440      5.80883718E-15
   5110.3960      5.77200903E-15
   5113.1484      5.58382203E-15
   5115.9004      5.69203896E-15
   5118.6528      5.58923499E-15
   5121.4053      5.81335906E-15
   5124.1572      5.70862005E-15
   5126.9097      5.20206809E-15
   5129.6616      3.24940706E-15
   5132.4141      5.41996181E-15
   5135.1660      5.87147696E-15
   5137.9185      5.64918502E-15
   5140.6709      5.39101785E-15
   5143.4229      5.46449880E-15
   5146.1753      5.61060606E-15
   5148.9272      5.72014182E-15
   5151.6797      5.98899685E-15
   5154.4316      5.41638691E-15
   5157.1841      5.12098713E-15
   5159.9365      5.59948197E-15
   5162.6885      5.30567801E-15
   5165.4409      5.28114412E-15
   5168.1929      5.31487298E-15
   5170.9453      5.70823508E-15
   5173.6973      5.79521985E-15
   5176.4497      5.66933297E-15
   5179.2017      5.73430717E-15
   5181.9541      5.53689090E-15
   5184.7065      5.73347285E-15
   5187.4585      5.90485599E-15
   5190.2109      5.69578793E-15
   5192.9629      5.61776306E-15
   5195.7153      5.68784106E-15
   5198.4673      5.46597095E-15
   5201.2197      5.38251703E-15
   5203.9722      5.40731180E-15
   5206.7241      5.42075209E-15
   5209.4766      5.31748014E-15
   5212.2285      5.33659514E-15
   5214.9810      5.18823901E-15
   5217.7329      4.95940416E-15
   5220.4854      5.12594694E-15
   5223.2373      5.47110693E-15
   5225.9897      5.12490508E-15
   5228.7422      5.06205100E-15
   5231.4941      5.04728680E-15
   5234.2466      4.75426083E-15
   5236.9985      4.65888916E-15
   5239.7510      4.50884405E-15
   5242.5029      4.61888506E-15
   5245.2554      4.64318008E-15
   5248.0078      4.69472797E-15
   5250.7598      4.57669181E-15
   5253.5122      4.37202493E-15
   5256.2642      4.49464312E-15
   5259.0166      4.31247682E-15
   5261.7686      4.60069503E-15
   5264.5210      4.47291503E-15
   5267.2734      4.39583587E-15
   5270.0254      4.45548097E-15
   5272.7778      4.42046505E-15
   5275.5298      4.02487102E-15
   5278.2822      4.42132394E-15
   5281.0342      4.30071111E-15
   5283.7866      4.41865579E-15
   5286.5386      4.55679797E-15
   5289.2910      4.45033482E-15
   5292.0435      4.49796984E-15
   5294.7954      4.34560216E-15
   5297.5479      4.45971995E-15
   5300.2998      4.51476015E-15
   5303.0522      4.56182299E-15
   5305.8042      4.61972786E-15
   5308.5566      4.53934401E-15
   5311.3091      4.52447519E-15
   5314.0610      4.39123606E-15
   5316.8135      4.25397691E-15
   5319.5654      4.36545111E-15
   5322.3179      4.26908205E-15
   5325.0698      4.25879187E-15
   5327.8223      4.36472605E-15
   5330.5747      4.25072981E-15
   5333.3267      4.34033192E-15
   5336.0791      4.28213187E-15
   5338.8311      4.32149688E-15
   5341.5835      4.46097991E-15
   5344.3354      4.39621408E-15
   5347.0879      4.50904183E-15
   5349.8398      4.43234215E-15
   5352.5923      4.51192598E-15
   5355.3447      4.65593894E-15
   5358.0967      4.35000885E-15
   5360.8491      4.32619791E-15
   5363.6011      4.22007696E-15
   5366.3535      4.09310884E-15
   5369.1055      3.97497612E-15
   5371.8579      4.22728098E-15
   5374.6104      4.21397790E-15
   5377.3623      4.22429095E-15
   5380.1147      4.20045206E-15
   5382.8667      4.17924320E-15
   5385.6191      4.12440713E-15
   5388.3711      3.98162194E-15
   5391.1235      3.62537598E-15
   5393.8755      3.72827100E-15
   5396.6279      3.56692689E-15
   5399.3804      3.65972697E-15
   5402.1323      3.92606420E-15
   5404.8848      4.09365687E-15
   5407.6367      3.86865909E-15
   5410.3892      3.92580120E-15
   5413.1411      4.20055116E-15
   5415.8936      4.07496794E-15
   5418.6460      4.02472109E-15
   5421.3979      3.95548420E-15
   5424.1504      3.66082600E-15
   5426.9023      3.71563284E-15
   5429.6548      3.68667321E-15
   5432.4067      3.70306287E-15
   5435.1592      3.59093096E-15
   5437.9116      3.67318294E-15
   5440.6636      3.68274594E-15
   5443.4160      3.66593615E-15
   5446.1680      3.85925998E-15
   5448.9204      3.75133698E-15
   5451.6724      3.68289798E-15
   5454.4248      3.94755004E-15
   5457.1768      3.83539780E-15
   5459.9292      3.59468120E-15
   5462.6816      3.63589316E-15
   5465.4336      4.13575398E-15
   5468.1860      4.02185008E-15
   5470.9380      3.61043686E-15
   5473.6904      3.53776990E-15
   5476.4424      3.74707301E-15
   5479.1948      3.97881191E-15
   5481.9473      3.94687199E-15
   5484.6992      3.96354414E-15
   5487.4517      3.98759310E-15
   5490.2036      4.06451386E-15
   5492.9561      4.14101109E-15
   5495.7080      3.99851093E-15
   5498.4604      3.96751080E-15
   5501.2129      3.91698401E-15
   5503.9648      4.02536780E-15
   5506.7173      4.13079503E-15
   5509.4692      3.85500703E-15
   5512.2217      4.02972113E-15
   5514.9736      4.25059386E-15
   5517.7261      3.93983484E-15
   5520.4780      4.01193090E-15
   5523.2305      4.14968302E-15
   5525.9829      4.10818306E-15
   5528.7349      4.17695409E-15
   5531.4873      4.18323399E-15
   5534.2393      4.13651886E-15
   5536.9917      3.98009093E-15
   5539.7437      3.94727603E-15
   5542.4961      3.91393384E-15
   5545.2485      3.92095998E-15
   5548.0005      3.93287181E-15
   5550.7529      4.17786889E-15
   5553.5049      4.12420300E-15
   5556.2573      4.20430182E-15
   5559.0093      4.24863383E-15
   5561.7617      4.03427817E-15
   5564.5137      4.05454512E-15
   5567.2661      4.14111104E-15
   5570.0186      4.14007894E-15
   5572.7705      3.94818701E-15
   5575.5229      3.83669587E-15
   5578.2749      3.99375315E-15
   5581.0273      4.12586403E-15
   5583.7793      4.02774797E-15
   5586.5317      4.20019879E-15
   5589.2842      4.24300106E-15
   5592.0361      4.14333917E-15
   5594.7886      4.32992612E-15
   5597.5405      4.24578780E-15
   5600.2930      4.02030890E-15
   5603.0449      4.02763997E-15
   5605.7974      4.10766891E-15
   5608.5498      4.32771579E-15
   5611.3018      4.32737105E-15
   5614.0542      4.24547313E-15
   5616.8062      4.21589685E-15
   5619.5586      4.08911085E-15
   5622.3105      4.20666420E-15
   5625.0630      4.19277794E-15
   5627.8149      4.10762995E-15
   5630.5674      4.11211711E-15
   5633.3198      4.13073404E-15
   5636.0718      4.17983697E-15
   5638.8242      4.19526398E-15
   5641.5762      4.20067610E-15
   5644.3286      4.04489615E-15
   5647.0806      4.14521111E-15
   5649.8330      4.14773484E-15
   5652.5854      4.12339196E-15
   5655.3374      3.90075316E-15
   5658.0898      4.20378513E-15
   5660.8418      4.28475005E-15
   5663.5942      4.25787708E-15
   5666.3462      4.29906787E-15
   5669.0986      4.11335801E-15
   5671.8506      3.95041682E-15
   5674.6030      3.88871894E-15
   5677.3555      3.82079198E-15
   5680.1074      4.08557491E-15
   5682.8599      3.96418196E-15
   5685.6118      3.84722703E-15
   5688.3643      3.96433315E-15
   5691.1162      4.15597520E-15
   5693.8687      4.06656495E-15
   5696.6211      3.80840921E-15
   5699.3730      3.98975007E-15
   5702.1255      4.02570281E-15
   5704.8774      4.22529680E-15
   5707.6299      3.98135089E-15
   5710.3818      3.96362503E-15
   5713.1343      3.74700101E-15
   5715.8867      3.60707583E-15
   5718.6387      3.65560701E-15
   5721.3911      3.78585103E-15
   5724.1431      3.65750521E-15
   5726.8955      3.60943016E-15
   5729.6475      3.65423100E-15
   5732.3999      3.83237685E-15
   5735.1519      3.71196688E-15
   5737.9043      3.61860988E-15
   5740.6567      3.56167486E-15
   5743.4087      3.71206302E-15
   5746.1611      3.70520502E-15
   5748.9131      3.73258494E-15
   5751.6655      3.75496821E-15
   5754.4175      3.64869098E-15
   5757.1699      3.45909600E-15
   5759.9224      3.58145901E-15
   5762.6743      3.47731102E-15
   5765.4268      3.46585701E-15
   5768.1787      3.36797600E-15
   5770.9312      3.39184603E-15
   5773.6831      3.39187906E-15
   5776.4355      3.44818410E-15
   5779.1880      3.49316197E-15
   5781.9399      3.59132102E-15
   5784.6924      3.58477091E-15
   5787.4443      3.72025891E-15
   5790.1968      3.70005591E-15
   5792.9487      3.81620106E-15
   5795.7012      3.70707781E-15
   5798.4531      3.60402101E-15
   5801.2056      3.73546781E-15
   5803.9580      3.78916716E-15
   5806.7100      3.70327887E-15
   5809.4624      3.59529995E-15
   5812.2144      3.76695118E-15
   5814.9668      3.72950597E-15
   5817.7188      3.66509505E-15
   5820.4712      3.55798180E-15
   5823.2236      3.63596516E-15
   5825.9756      3.73886187E-15
   5828.7280      3.90789789E-15
   5831.4800      3.86009008E-15
   5834.2324      3.82498395E-15
   5836.9844      3.85774803E-15
   5839.7368      3.76995391E-15
   5842.4888      3.73437895E-15
   5845.2412      3.79031193E-15
   5847.9937      3.72144815E-15
   5850.7456      3.78240699E-15
   5853.4980      3.73177221E-15
   5856.2500      3.75823606E-15
   5859.0024      3.82950583E-15
   5861.7544      3.83376683E-15
   5864.5068      3.68156687E-15
   5867.2593      3.78086116E-15
   5870.0112      3.83552019E-15
   5872.7637      3.61821601E-15
   5875.5156      3.70699014E-15
   5878.2681      3.59647394E-15
   5881.0200      3.51845607E-15
   5883.7725      3.45410803E-15
   5886.5249      3.25113903E-15
   5889.2769      3.18611210E-15
   5892.0293      3.18590394E-15
   5894.7813      3.16754599E-15
   5897.5337      3.10672309E-15
   5900.2856      3.12012209E-15
   5903.0381      3.09190404E-15
   5905.7900      3.00499211E-15
   5908.5425      2.93030603E-15
   5911.2949      2.95096390E-15
   5914.0469      2.89910092E-15
   5916.7993      2.63554407E-15
   5919.5513      2.56303890E-15
   5922.3037      2.61107499E-15
   5925.0557      2.48127905E-15
   5927.8081      2.53664302E-15
   5930.5605      2.58900300E-15
   5933.3125      2.42900208E-15
   5936.0649      2.40858901E-15
   5938.8169      2.45415197E-15
   5941.5693      2.35806201E-15
   5944.3213      2.27981501E-15
   5947.0737      2.21501593E-15
   5949.8262      2.22229893E-15
   5952.5781      2.15339894E-15
   5955.3306      1.99683401E-15
   5958.0825      1.90748305E-15
   5960.8350      1.80837193E-15
   5963.5869      1.93487207E-15
   5966.3394      1.81796797E-15
   5969.0913      1.70327600E-15
   5971.8438      1.85590996E-15
   5974.5962      1.83566397E-15
   5977.3481      1.70379195E-15
   5980.1006      1.60284002E-15
   5982.8525      1.73733403E-15
   5985.6050      1.74969203E-15
   5988.3569      1.60345804E-15
   5991.1094      1.60648703E-15
   5993.8618      1.55250498E-15
   5996.6138      1.66649804E-15
   5999.3662      1.51002798E-15
   6002.1182      1.58948104E-15
   6004.8706      1.54465902E-15
   6007.6226      1.58234098E-15
   6010.3750      1.59790299E-15
   6013.1270      1.63186699E-15
   6015.8794      1.66740797E-15
   6018.6318      1.59055296E-15
   6021.3838      1.49779195E-15
   6024.1362      1.51180505E-15
   6026.8882      1.50911297E-15
   6029.6406      1.50554103E-15
   6032.3926      1.52700103E-15
   6035.1450      1.53829696E-15
   6037.8975      1.55488599E-15
   6040.6494      1.58837397E-15
   6043.4019      1.46161401E-15
   6046.1538      1.44679601E-15
   6048.9063      1.55631600E-15
   6051.6582      1.56794597E-15
   6054.4106      1.52145805E-15
   6057.1631      1.44905897E-15
   6059.9150      1.46610603E-15
   6062.6675      1.52963795E-15
   6065.4194      1.60875898E-15
   6068.1719      1.63056299E-15
   6070.9238      1.61757395E-15
   6073.6763      1.77051199E-15
   6076.4282      1.82853301E-15
   6079.1807      1.68477998E-15
   6081.9331      1.63812297E-15
   6084.6851      1.81172491E-15
   6087.4375      1.84144497E-15
   6090.1895      1.83712807E-15
   6092.9419      1.72691097E-15
   6095.6938      1.69662002E-15
   6098.4463      1.84215605E-15
   6101.1987      2.02889209E-15
   6103.9507      1.81453304E-15
   6106.7031      1.78432594E-15
   6109.4551      1.91634005E-15
   6112.2075      1.93500908E-15
   6114.9595      2.00542991E-15
   6117.7119      1.82940291E-15
   6120.4639      1.96162094E-15
   6123.2163      1.97632501E-15
   6125.9688      2.04055192E-15
   6128.7207      2.15030791E-15
   6131.4731      2.14350009E-15
   6134.2251      2.09682201E-15
   6136.9775      2.22917494E-15
   6139.7295      2.27016498E-15
   6142.4819      2.20634401E-15
   6145.2344      2.24731393E-15
   6147.9863      2.39089195E-15
   6150.7388      2.24963396E-15
   6153.4907      2.30376190E-15
   6156.2432      2.45575900E-15
   6158.9951      2.54669201E-15
   6161.7476      2.58051298E-15
   6164.5000      2.54925810E-15
   6167.2520      2.68488798E-15
   6170.0044      2.63648703E-15
   6172.7563      2.59457606E-15
   6175.5088      2.79188095E-15
   6178.2607      2.82328003E-15
   6181.0132      2.77373094E-15
   6183.7651      2.83779902E-15
   6186.5176      2.98405896E-15
   6189.2700      3.10207500E-15
   6192.0220      3.14615798E-15
   6194.7744      3.18408007E-15
   6197.5264      3.18671498E-15
   6200.2788      3.08494630E-15
   6203.0308      3.06827478E-15
   6205.7832      3.16155217E-15
   6208.5356      3.13811646E-15
   6211.2876      3.27372877E-15
   6214.0400      3.24287983E-15
   6216.7920      3.25351665E-15
   6219.5444      3.21197117E-15
   6222.2964      3.47388180E-15
   6225.0488      3.56677739E-15
   6227.8013      3.33607272E-15
   6230.5532      3.41193934E-15
   6233.3057      3.50252253E-15
   6236.0576      3.34501696E-15
   6238.8101      3.43426523E-15
   6241.5620      3.44717020E-15
   6244.3145      3.30422153E-15
   6247.0664      3.51561491E-15
   6249.8188      3.63232546E-15
   6252.5713      3.62358831E-15
   6255.3232      3.64277488E-15
   6258.0757      3.78916716E-15
   6260.8276      3.68189425E-15
   6263.5801      3.70617106E-15
   6266.3320      3.80579442E-15
   6269.0845      3.71847210E-15
   6271.8369      3.62309365E-15
   6274.5889      3.70461379E-15
   6277.3413      3.80015487E-15
   6280.0933      3.75318054E-15
   6282.8457      3.88122863E-15
   6285.5977      3.90965675E-15
   6288.3501      3.79772685E-15
   6291.1021      3.75629720E-15
   6293.8545      3.80294161E-15
   6296.6069      3.84180052E-15
   6299.3589      3.76514107E-15
   6302.1113      3.74422020E-15
   6304.8633      3.70667293E-15
   6307.6157      3.75614389E-15
   6310.3677      3.44916750E-15
   6313.1201      3.45784662E-15
   6315.8726      3.65282450E-15
   6318.6245      3.63424949E-15
   6321.3770      3.59310910E-15
   6324.1289      3.72951105E-15
   6326.8813      3.62988050E-15
   6329.6333      3.75984966E-15
   6332.3857      3.82096901E-15
   6335.1382      3.75906319E-15
   6337.8901      3.67064946E-15
   6340.6426      3.64236492E-15
   6343.3945      3.79904229E-15
   6346.1470      3.87079403E-15
   6348.8989      3.73142069E-15
   6351.6514      3.51294104E-15
   6354.4033      3.55613357E-15
   6357.1558      3.73410663E-15
   6359.9082      3.74787939E-15
   6362.6602      3.64243480E-15
   6365.4126      3.56624588E-15
   6368.1646      3.65450120E-15
   6370.9170      3.68604683E-15
   6373.6689      3.74114802E-15
   6376.4214      3.82782363E-15
   6379.1738      3.71384942E-15
   6381.9258      3.71787367E-15
   6384.6782      3.70300782E-15
   6387.4302      3.74226949E-15
   6390.1826      3.60586288E-15
   6392.9346      3.62352309E-15
   6395.6870      3.56766212E-15
   6398.4390      3.56747111E-15
   6401.1914      3.63382682E-15
   6403.9438      3.64802903E-15
   6406.6958      3.58434612E-15
   6409.4482      3.59816801E-15
   6412.2002      3.70380487E-15
   6414.9526      3.69596220E-15
   6417.7046      3.69463998E-15
   6420.4570      3.80901018E-15
   6423.2095      3.74205011E-15
   6425.9614      3.70972309E-15
   6428.7139      3.82326998E-15
   6431.4658      3.78940179E-15
   6434.2183      3.61976396E-15
   6436.9702      3.65052989E-15
   6439.7227      3.70662507E-15
   6442.4751      3.68040813E-15
   6445.2271      3.66828412E-15
   6447.9795      3.68494103E-15
   6450.7314      3.60025594E-15
   6453.4839      3.56146480E-15
   6456.2358      3.55787084E-15
   6458.9883      3.47794905E-15
   6461.7402      3.53900403E-15
   6464.4927      3.53386698E-15
   6467.2451      3.49408905E-15
   6469.9971      3.56961792E-15
   6472.7495      3.47661497E-15
   6475.5015      3.42566191E-15
   6478.2539      3.50043502E-15
   6481.0059      3.57127895E-15
   6483.7583      3.45573899E-15
   6486.5107      3.50290391E-15
   6489.2627      3.55125191E-15
   6492.0151      3.49755002E-15
   6494.7671      3.61569397E-15
   6497.5195      3.57751311E-15
   6500.2715      3.60113305E-15
   6503.0239      3.60504888E-15
   6505.7764      3.54569601E-15
   6508.5283      3.56793401E-15
   6511.2808      3.41494102E-15
   6514.0327      3.38903197E-15
   6516.7852      3.36915995E-15
   6519.5371      3.30165396E-15
   6522.2896      3.52926992E-15
   6525.0415      3.72868393E-15
   6527.7939      3.57134586E-15
   6530.5464      3.53572601E-15
   6533.2983      3.58876213E-15
   6536.0508      3.45657798E-15
   6538.8027      3.45102991E-15
   6541.5552      3.54936705E-15
   6544.3071      3.57550098E-15
   6547.0596      3.44789695E-15
   6549.8120      3.38229298E-15
   6552.5640      3.36443498E-15
   6555.3164      3.40958396E-15
   6558.0684      3.53314108E-15
   6560.8208      3.52093808E-15
   6563.5728      3.28658694E-15
   6566.3252      3.48706206E-15
   6569.0771      3.53776609E-15
   6571.8296      3.50248293E-15
   6574.5820      3.29636106E-15
   6577.3340      3.30927408E-15
   6580.0864      3.30497200E-15
   6582.8384      3.31474507E-15
   6585.5908      3.42627707E-15
   6588.3428      3.44851592E-15
   6591.0952      3.35082401E-15
   6593.8477      3.30515390E-15
   6596.5996      3.43527997E-15
   6599.3521      3.43051901E-15
   6602.1040      3.38184299E-15
   6604.8564      3.38588207E-15
   6607.6084      3.25258809E-15
   6610.3608      3.24509905E-15
   6613.1133      3.39271699E-15
   6615.8652      3.44187899E-15
   6618.6177      3.30816701E-15
   6621.3696      3.20151603E-15
   6624.1221      3.15336708E-15
   6626.8740      3.19751994E-15
   6629.6265      3.24344099E-15
   6632.3784      3.12257807E-15
   6635.1309      3.17616899E-15
   6637.8833      3.13794706E-15
   6640.6353      3.32389302E-15
   6643.3877      3.23863196E-15
   6646.1396      3.24291604E-15
   6648.8921      3.17009810E-15
   6651.6440      3.18466198E-15
   6654.3965      3.37868907E-15
   6657.1489      3.24944603E-15
   6659.9009      3.18293996E-15
   6662.6533      3.11470002E-15
   6665.4053      3.15322202E-15
   6668.1577      3.22534603E-15
   6670.9097      3.09455102E-15
   6673.6621      3.00597699E-15
   6676.4146      3.03451607E-15
   6679.1665      3.05948301E-15
   6681.9189      3.05526393E-15
   6684.6709      3.15771808E-15
   6687.4233      3.12389097E-15
   6690.1753      2.93212292E-15
   6692.9277      3.04176308E-15
   6695.6797      3.08634602E-15
   6698.4321      2.96682692E-15
   6701.1846      3.07358208E-15
   6703.9365      3.11575797E-15
   6706.6890      3.13527975E-15
   6709.4409      3.05751514E-15
   6712.1934      2.97334759E-15
   6714.9453      3.12690979E-15
   6717.6978      3.02155012E-15
   6720.4502      2.99910671E-15
   6723.2021      2.87365838E-15
   6725.9546      2.83174465E-15
   6728.7065      2.88847214E-15
   6731.4590      2.82761621E-15
   6734.2109      2.96740332E-15
   6736.9634      3.01500382E-15
   6739.7153      2.91383569E-15
   6742.4678      2.93279610E-15
   6745.2202      2.83363692E-15
   6747.9722      2.86941474E-15
   6750.7246      2.91245100E-15
   6753.4766      2.96130935E-15
   6756.2290      2.95529308E-15
   6758.9810      2.87504010E-15
   6761.7334      2.85788853E-15
   6764.4858      2.84911835E-15
   6767.2378      2.81535435E-15
   6769.9902      2.86988103E-15
   6772.7422      2.93893963E-15
   6775.4946      2.90493422E-15
   6778.2466      2.79316272E-15
   6780.9990      2.87876620E-15
   6783.7515      2.96176187E-15
   6786.5034      3.01277867E-15
   6789.2559      2.91022818E-15
   6792.0078      2.91154595E-15
   6794.7603      2.82074338E-15
   6797.5122      2.77956826E-15
   6800.2646      2.82055026E-15
   6803.0166      2.85426979E-15
   6805.7690      2.85833237E-15
   6808.5215      2.81966765E-15
   6811.2734      2.82659892E-15
   6814.0259      2.76484323E-15
   6816.7778      2.70383992E-15
   6819.5303      2.83304484E-15
   6822.2822      2.72873760E-15
   6825.0347      2.81450202E-15
   6827.7871      2.86075976E-15
   6830.5391      2.85825953E-15
   6833.2915      2.87183387E-15
   6836.0435      2.81893137E-15
   6838.7959      2.71337497E-15
   6841.5479      2.72122802E-15
   6844.3003      2.77678237E-15
   6847.0522      2.77794514E-15
   6849.8047      2.78565504E-15
   6852.5571      2.86893638E-15
   6855.3091      2.79447435E-15
   6858.0615      2.58604643E-15
   6860.8135      2.67563372E-15
   6863.5659      2.75406410E-15
   6866.3179      2.69791026E-15
   6869.0703      2.69414457E-15
   6871.8228      2.62674552E-15
   6874.5747      2.80049548E-15
   6877.3271      2.83085526E-15
   6880.0791      2.76537855E-15
   6882.8315      2.68417816E-15
   6885.5835      2.77429781E-15
   6888.3359      2.78979957E-15
   6891.0884      2.75540813E-15
   6893.8403      2.54491769E-15
   6896.5928      2.66625008E-15
   6899.3447      2.72441668E-15
   6902.0972      2.69747171E-15
   6904.8491      2.71414958E-15
   6907.6016      2.72661917E-15
   6910.3535      2.64280188E-15
   6913.1060      2.57236537E-15
   6915.8584      2.62554210E-15
   6918.6104      2.75795177E-15
   6921.3628      2.67768290E-15
   6924.1147      2.59036291E-15
   6926.8672      2.74322589E-15
   6929.6191      2.73830696E-15
   6932.3716      2.60671150E-15
   6935.1240      2.55857271E-15
   6937.8760      2.69649424E-15
   6940.6284      2.67313116E-15
   6943.3804      2.65883960E-15
   6946.1328      2.62690794E-15
   6948.8848      2.76931175E-15
   6951.6372      2.56074217E-15
   6954.3896      2.53761097E-15
   6957.1416      2.54284055E-15
   6959.8940      2.69958358E-15
   6962.6460      2.68434397E-15
   6965.3984      2.57185461E-15
   6968.1504      2.50123768E-15
   6970.9028      2.58748914E-15
   6973.6548      2.56393083E-15
   6976.4072      2.52828175E-15
   6979.1597      2.51099762E-15
   6981.9116      2.57219723E-15
   6984.6641      2.56378683E-15
   6987.4160      2.44144351E-15
   6990.1685      2.48789374E-15
   6992.9204      2.52261510E-15
   6995.6729      2.55926918E-15
   6998.4253      2.55803548E-15
   7001.1772      2.52863158E-15
   7003.9297      2.48601756E-15
   7006.6816      2.46434686E-15
   7009.4341      2.47001097E-15
   7012.1860      2.47492333E-15
   7014.9385      2.47186237E-15
   7017.6904      2.48369076E-15
   7020.4429      2.51383730E-15
   7023.1953      2.54753629E-15
   7025.9473      2.55155440E-15
   7028.6997      2.50996551E-15
   7031.4517      2.48528763E-15
   7034.2041      2.52701544E-15
   7036.9561      2.58180661E-15
   7039.7085      2.59628664E-15
   7042.4609      2.59683721E-15
   7045.2129      2.61243447E-15
   7047.9653      2.62312509E-15
   7050.7173      2.61637551E-15
   7053.4697      2.59961696E-15
   7056.2217      2.57641376E-15
   7058.9741      2.57033207E-15
   7061.7266      2.59493477E-15
   7064.4785      2.63035875E-15
   7067.2310      2.65925634E-15
   7069.9829      2.67410885E-15
   7072.7354      2.65248283E-15
   7075.4873      2.60260593E-15
   7078.2397      2.57508562E-15
   7080.9917      2.56884425E-15
   7083.7441      2.55511025E-15
   7086.4966      2.53320831E-15
   7089.2485      2.51738975E-15
   7092.0010      2.52554202E-15
   7094.7529      2.55036136E-15
   7097.5054      2.57473156E-15
   7100.2573      2.60381464E-15
   7103.0098      2.62775412E-15
   7105.7622      2.62113033E-15
   7108.5142      2.60539055E-15
   7111.2666      2.61205839E-15
   7114.0186      2.63484167E-15
   7116.7710      2.65802518E-15
   7119.5229      2.65846923E-15
   7122.2754      2.64342677E-15
   7125.0273      2.65837436E-15
   7127.7798      2.69688366E-15
   7130.5322      2.72278402E-15
   7133.2842      2.72199247E-15
   7136.0366      2.71045143E-15
   7138.7886      2.71601580E-15
   7141.5410      2.71836145E-15
   7144.2930      2.69510828E-15
   7147.0454      2.66525608E-15
   7149.7979      2.64983077E-15
   7152.5498      2.64606973E-15
   7155.3022      2.64303926E-15
   7158.0542      2.63671552E-15
   7160.8066      2.63708377E-15
   7163.5586      2.65756820E-15
   7166.3110      2.68770013E-15
   7169.0635      2.70505859E-15
   7171.8154      2.70339798E-15
   7174.5679      2.67761917E-15
   7177.3198      2.64291750E-15
   7180.0723      2.62896475E-15
   7182.8242      2.63694295E-15
   7185.5767      2.66676867E-15
   7188.3286      2.73183605E-15
   7191.0811      2.79155293E-15
   7193.8335      2.80553130E-15
   7196.5854      2.78659440E-15
   7199.3379      2.74216816E-15
   7202.0898      2.69467206E-15
   7204.8423      2.66514597E-15
   7207.5942      2.62260607E-15
   7210.3467      2.57794880E-15
   7213.0991      2.58665143E-15
   7215.8511      2.63356265E-15
   7218.6035      2.64587555E-15
   7221.3555      2.59766243E-15
   7224.1079      2.54175932E-15
   7226.8599      2.55264517E-15
   7229.6123      2.60108381E-15
   7232.3647      2.59934866E-15
   7235.1167      2.54536323E-15
   7237.8691      2.49784849E-15
   7240.6211      2.48470847E-15
   7243.3735      2.47588345E-15
   7246.1255      2.46014960E-15
   7248.8779      2.48034434E-15
   7251.6299      2.51141627E-15
   7254.3823      2.50312191E-15
   7257.1348      2.49066121E-15
   7259.8867      2.51290853E-15
   7262.6392      2.54100461E-15
   7265.3911      2.53361044E-15
   7268.1436      2.50110195E-15
   7270.8955      2.48764323E-15
   7273.6479      2.51425954E-15
   7276.4004      2.52666900E-15
   7279.1523      2.47448203E-15
   7281.9048      2.40698219E-15
   7284.6567      2.39748589E-15
   7287.4092      2.42951390E-15
   7290.1611      2.42761061E-15
   7292.9136      2.36575942E-15
   7295.6655      2.31950232E-15
   7298.4180      2.32523080E-15
   7301.1704      2.33943936E-15
   7303.9224      2.33145565E-15
   7306.6748      2.30438511E-15
   7309.4268      2.27252629E-15
   7312.1792      2.22775298E-15
   7314.9312      2.16799480E-15
   7317.6836      2.13007102E-15
   7320.4360      2.12477580E-15
   7323.1880      2.12085192E-15
   7325.9404      2.10443959E-15
   7328.6924      2.11463660E-15
   7331.4448      2.15042162E-15
   7334.1968      2.15677522E-15
   7336.9492      2.11594717E-15
   7339.7017      2.07364508E-15
   7342.4536      2.06728470E-15
   7345.2061      2.07100847E-15
   7347.9580      2.05048910E-15
   7350.7104      2.02815030E-15
   7353.4624      2.03313361E-15
   7356.2148      2.06683641E-15
   7358.9668      2.12102979E-15
   7361.7192      2.14177829E-15
   7364.4717      2.08549528E-15
   7367.2236      2.01440401E-15
   7369.9761      1.98068088E-15
   7372.7280      1.96283940E-15
   7375.4805      1.96453897E-15
   7378.2324      1.97325664E-15
   7380.9849      1.96099096E-15
   7383.7373      1.93047724E-15
   7386.4893      1.91947703E-15
   7389.2417      1.95655590E-15
   7391.9937      1.99130987E-15
   7394.7461      1.99009057E-15
   7397.4980      2.00017746E-15
   7400.2505      2.02066338E-15
   7403.0029      1.99185833E-15
   7405.7549      1.91770567E-15
   7408.5073      1.86809538E-15
   7411.2593      1.86389897E-15
   7414.0117      1.86826140E-15
   7416.7637      1.87779391E-15
   7419.5161      1.89652604E-15
   7422.2681      1.88928200E-15
   7425.0205      1.86345830E-15
   7427.7729      1.86594624E-15
   7430.5249      1.88588561E-15
   7433.2773      1.87525535E-15
   7436.0293      1.83487326E-15
   7438.7817      1.80511361E-15
   7441.5337      1.78439815E-15
   7444.2861      1.75293532E-15
   7447.0386      1.71877840E-15
   7449.7905      1.71502456E-15
   7452.5430      1.76363790E-15
   7455.2949      1.82240600E-15
   7458.0474      1.81079402E-15
   7460.7993      1.73614501E-15
   7463.5518      1.69223884E-15
   7466.3037      1.71297866E-15
   7469.0562      1.74116135E-15
   7471.8086      1.74759255E-15
   7474.5605      1.76145149E-15
   7477.3130      1.76011234E-15
   7480.0649      1.73344456E-15
   7482.8174      1.71853985E-15
   7485.5693      1.69551009E-15
   7488.3218      1.64345790E-15
   7491.0742      1.60109355E-15
   7493.8262      1.61058053E-15
   7496.5786      1.64951450E-15
   7499.3306      1.66175169E-15
   7502.0830      1.62862011E-15
   7504.8350      1.57743750E-15
   7507.5874      1.54792465E-15
   7510.3398      1.55718008E-15
   7513.0918      1.58775701E-15
   7515.8442      1.62417456E-15
   7518.5962      1.67239731E-15
   7521.3486      1.71083101E-15
   7524.1006      1.69720203E-15
   7526.8530      1.64709760E-15
   7529.6050      1.60050528E-15
   7532.3574      1.58732153E-15
   7535.1099      1.58810694E-15
   7537.8618      1.54562379E-15
   7540.6143      1.49497694E-15
   7543.3662      1.51102652E-15
   7546.1187      1.57243885E-15
   7548.8706      1.62600860E-15
   7551.6230      1.64490209E-15
   7554.3755      1.64794135E-15
   7557.1274      1.66352337E-15
   7559.8799      1.68307162E-15
   7562.6318      1.69632980E-15
   7565.3843      1.70092326E-15
   7568.1362      1.69262880E-15
   7570.8887      1.68149815E-15
   7573.6406      1.68367164E-15
   7576.3931      1.70140628E-15
   7579.1455      1.71560679E-15
   7581.8975      1.69461287E-15
   7584.6499      1.64174096E-15
   7587.4019      1.60948595E-15
   7590.1543      1.63374402E-15
   7592.9063      1.67817227E-15
   7595.6587      1.68257102E-15
   7598.4111      1.64011032E-15
   7601.1631      1.58691961E-15
   7603.9155      1.54696888E-15
   7606.6675      1.51777642E-15
   7609.4199      1.52279530E-15
   7612.1719      1.54900038E-15
   7614.9243      1.53861375E-15
   7617.6768      1.50635259E-15
   7620.4287      1.50251691E-15
   7623.1812      1.54211178E-15
   7625.9331      1.58258344E-15
   7628.6855      1.56202807E-15
   7631.4375      1.51473346E-15
   7634.1899      1.51547503E-15
   7636.9419      1.53988218E-15
   7639.6943      1.55951873E-15
   7642.4468      1.58058889E-15
   7645.1987      1.60111123E-15
   7647.9512      1.60977532E-15
   7650.7031      1.60608469E-15
   7653.4556      1.59093974E-15
   7656.2075      1.56319454E-15
   7658.9600      1.55237211E-15
   7661.7124      1.58990551E-15
   7664.4644      1.64623257E-15
   7667.2168      1.64462522E-15
   7669.9688      1.58337224E-15
   7672.7212      1.54851038E-15
   7675.4731      1.56644715E-15
   7678.2256      1.60557477E-15
   7680.9780      1.61112379E-15
   7683.7300      1.56334404E-15
   7686.4824      1.51360807E-15
   7689.2344      1.48691520E-15
   7691.9868      1.48303812E-15
   7694.7388      1.48684373E-15
   7697.4912      1.46881527E-15
   7700.2432      1.44401287E-15
   7702.9956      1.42751828E-15
   7705.7480      1.42516629E-15
   7708.5000      1.45284817E-15
   7711.2524      1.46304486E-15
   7714.0044      1.40296820E-15
   7716.7568      1.32486488E-15
   7719.5088      1.27841412E-15
   7722.2612      1.24461835E-15
   7725.0137      1.22963519E-15
   7727.7656      1.25198881E-15
   7730.5181      1.28029464E-15
   7733.2700      1.27122017E-15
   7736.0225      1.23832553E-15
   7738.7744      1.19429073E-15
   7741.5269      1.14443416E-15
   7744.2788      1.12784989E-15
   7747.0313      1.15163732E-15
   7749.7837      1.13947880E-15
   7752.5356      1.05216569E-15
   7755.2881      9.62453680E-16
   7758.0400      9.24023054E-16
   7760.7925      9.10660686E-16
   7763.5444      9.15143184E-16
   7766.2969      9.40957043E-16
   7769.0493      9.50345450E-16
   7771.8013      9.20492621E-16
   7774.5537      8.85526412E-16
   7777.3057      8.76408579E-16
   7780.0581      8.61381368E-16
   7782.8101      8.47059576E-16
   7785.5625      8.65730353E-16
   7788.3149      8.77736568E-16
   7791.0669      8.55632290E-16
   7793.8193      8.15530786E-16
   7796.5713      7.60302385E-16
   7799.3237      7.00493706E-16
   7802.0757      6.61941213E-16
   7804.8281      6.55539391E-16
   7807.5801      6.67741377E-16
   7810.3325      6.78601240E-16
   7813.0850      6.90467430E-16
   7815.8369      6.95128335E-16
   7818.5894      6.56311250E-16
   7821.3413      5.96187634E-16
   7824.0938      5.75885313E-16
   7826.8457      5.82776720E-16
   7829.5981      5.78192842E-16
   7832.3506      5.67726798E-16
   7835.1025      5.51247560E-16
   7837.8550      5.18818321E-16
   7840.6069      5.05369873E-16
   7843.3594      5.43165330E-16
   7846.1113      5.93692857E-16
   7848.8638      5.87782950E-16
   7851.6157      5.27188171E-16
   7854.3682      4.81717854E-16
   7857.1206      4.91178524E-16
   7859.8726      5.31539591E-16
   7862.6250      5.48393694E-16
   7865.3770      5.15774296E-16
   7868.1294      4.64135568E-16
   7870.8813      4.39222423E-16
   7873.6338      4.46268626E-16
   7876.3862      4.54703697E-16
   7879.1382      4.31460663E-16
   7881.8906      3.90391186E-16
   7884.6426      3.75977067E-16
   7887.3950      4.07626850E-16
   7890.1470      4.41247864E-16
   7892.8994      4.21052561E-16
   7895.6519      3.68033222E-16
   7898.4038      3.32092846E-16
   7901.1563      3.27169917E-16
   7903.9082      3.45843632E-16
   7906.6606      3.60678726E-16
   7909.4126      3.55781711E-16
   7912.1650      3.45429565E-16
   7914.9170      3.28641240E-16
   7917.6694      2.99158881E-16
   7920.4219      2.87086015E-16
   7923.1738      2.98099746E-16
   7925.9263      2.92556498E-16
   7928.6782      2.84982197E-16
   7931.4307      2.98378579E-16
   7934.1826      3.06338730E-16
   7936.9351      3.09972660E-16
   7939.6875      3.14462543E-16
   7942.4395      3.02466942E-16
   7945.1919      2.84239534E-16
   7947.9438      2.72951179E-16
   7950.6963      2.75500140E-16
   7953.4482      3.06177741E-16
   7956.2007      3.58081379E-16
   7958.9531      3.91182500E-16
   7961.7051      3.68201781E-16
   7964.4575      3.27493219E-16
   7967.2095      3.11189264E-16
   7969.9619      3.10183068E-16
   7972.7139      3.09733426E-16
   7975.4663      3.00766100E-16
   7978.2183      2.95883432E-16
   7980.9707      2.94115594E-16
   7983.7231      2.84346340E-16
   7986.4751      3.03179667E-16
   7989.2275      3.54332172E-16
   7991.9795      3.69332226E-16
   7994.7319      3.39093414E-16
   7997.4839      3.18379568E-16
   8000.2363      3.23245878E-16
   8002.9888      3.34469991E-16
   8005.7407      3.32888078E-16
   8008.4932      3.21786890E-16
   8011.2451      3.24492261E-16
   8013.9976      3.44053084E-16
   8016.7495      3.57760829E-16
   8019.5020      3.45088714E-16
   8022.2539      3.23869427E-16
   8025.0063      3.39266633E-16
   8027.7588      3.85845186E-16
   8030.5107      4.21986203E-16
   8033.2632      4.29366983E-16
   8036.0151      4.17456032E-16
   8038.7676      4.05893212E-16
   8041.5195      3.97087669E-16
   8044.2720      3.85251548E-16
   8047.0244      3.78296852E-16
   8049.7764      3.77383089E-16
   8052.5288      3.82175734E-16
   8055.2808      4.07048962E-16
   8058.0332      4.39303050E-16
   8060.7852      4.53247012E-16
   8063.5376      4.61790451E-16
   8066.2900      4.64912244E-16
   8069.0420      4.57775568E-16
   8071.7944      4.51198622E-16
   8074.5464      4.52478489E-16
   8077.2988      4.57949422E-16
   8080.0508      4.57584456E-16
   8082.8032      4.56072026E-16
   8085.5552      4.64511386E-16
   8088.3076      4.73774962E-16
   8091.0601      4.82609039E-16
   8093.8120      5.21841805E-16
   8096.5645      5.74747165E-16
   8099.3164      5.75089367E-16
   8102.0688      5.40164187E-16
   8104.8208      5.41802137E-16
   8107.5732      5.69422187E-16
   8110.3257      5.80787622E-16
   8113.0776      5.74460815E-16
   8115.8301      5.65160341E-16
   8118.5820      5.75412245E-16
   8121.3345      6.24949696E-16
   8124.0864      6.72924319E-16
   8126.8389      6.73941182E-16
   8129.5913      6.72409217E-16
   8132.3433      7.05209774E-16
   8135.0957      7.32478464E-16
   8137.8477      7.22103581E-16
   8140.6001      6.96943844E-16
   8143.3521      6.95309600E-16
   8146.1045      7.14465674E-16
   8148.8564      7.26367016E-16
   8151.6089      7.21732846E-16
   8154.3613      7.20246409E-16
   8157.1133      7.32231184E-16
   8159.8657      7.57534493E-16
   8162.6177      7.87508183E-16
   8165.3701      8.11997388E-16
   8168.1221      8.25640918E-16
   8170.8745      8.26506057E-16
   8173.6270      8.37340720E-16
   8176.3789      8.71510347E-16
   8179.1313      9.12285083E-16
   8181.8833      9.30695450E-16
   8184.6357      9.14691080E-16
   8187.3877      8.93628336E-16
   8190.1401      9.02396609E-16
   8192.8926      9.44949638E-16
   8195.6445      9.95052590E-16
   8198.3965      1.02767204E-15
   8201.1494      1.02706842E-15
   8203.9014      1.00594321E-15
   8206.6533      9.93470968E-16
   8209.4053      9.89775257E-16
   8212.1582      9.93932177E-16
   8214.9102      9.94694507E-16
   8217.6621      9.91682987E-16
   8220.4150      9.97385107E-16
   8223.1670      1.00067001E-15
   8225.9189      1.00968604E-15
   8228.6709      1.03784353E-15
   8231.4238      1.05532078E-15
   8234.1758      1.06720656E-15
   8236.9277      1.11129833E-15
   8239.6807      1.15729116E-15
   8242.4326      1.15784491E-15
   8245.1846      1.12274397E-15
   8247.9365      1.09989642E-15
   8250.6895      1.12265440E-15
   8253.4414      1.16155333E-15
   8256.1934      1.20262532E-15
   8258.9463      1.25323766E-15
   8261.6982      1.28868905E-15
   8264.4502      1.29587602E-15
   8267.2021      1.29943653E-15
   8269.9551      1.31936478E-15
   8272.7070      1.35523620E-15
   8275.4590      1.41646535E-15
   8278.2109      1.46613134E-15
   8280.9639      1.46421990E-15
   8283.7158      1.46494814E-15
   8286.4678      1.48524930E-15
   8289.2207      1.48072318E-15
   8291.9727      1.45387943E-15
   8294.7246      1.43339638E-15
   8297.4766      1.42698592E-15
   8300.2295      1.44160836E-15
   8302.9814      1.47035348E-15
   8305.7334      1.49016632E-15
   8308.4863      1.51448231E-15
   8311.2383      1.53629161E-15
   8313.9902      1.54311901E-15
   8316.7422      1.55595198E-15
   8319.4951      1.56483598E-15
   8322.2471      1.53735940E-15
   8324.9990      1.50107208E-15
   8327.7520      1.49666116E-15
   8330.5039      1.50604650E-15
   8333.2559      1.50951118E-15
   8336.0078      1.50676669E-15
   8338.7607      1.49709897E-15
   8341.5127      1.48562506E-15
   8344.2646      1.49848302E-15
   8347.0176      1.54027520E-15
   8349.7695      1.55568623E-15
   8352.5215      1.53289067E-15
   8355.2734      1.51945439E-15
   8358.0264      1.55019237E-15
   8360.7783      1.59132673E-15
   8363.5303      1.59833836E-15
   8366.2832      1.59074556E-15
   8369.0352      1.60180516E-15
   8371.7871      1.62740398E-15
   8374.5391      1.65312445E-15
   8377.2920      1.67336081E-15
   8380.0439      1.69890499E-15
   8382.7959      1.73197284E-15
   8385.5479      1.73646593E-15
   8388.3008      1.73318918E-15
   8391.0527      1.74679539E-15
   8393.8047      1.73555166E-15
   8396.5576      1.68654371E-15
   8399.3096      1.63747499E-15
   8402.0615      1.63699758E-15
   8404.8135      1.69246987E-15
   8407.5664      1.74672329E-15
   8410.3184      1.75730209E-15
   8413.0703      1.73135747E-15
   8415.8232      1.71788076E-15
   8418.5752      1.75328885E-15
   8421.3271      1.79700475E-15
   8424.0791      1.81815622E-15
   8426.8320      1.84094416E-15
   8429.5840      1.86590770E-15
   8432.3359      1.87311151E-15
   8435.0889      1.86654023E-15
   8437.8408      1.85401303E-15
   8440.5928      1.83302419E-15
   8443.3447      1.82486218E-15
   8446.0977      1.83227668E-15
   8448.8496      1.82284518E-15
   8451.6016      1.82414263E-15
   8454.3545      1.83324018E-15
   8457.1064      1.82241659E-15
   8459.8584      1.82029921E-15
   8462.6104      1.84430879E-15
   8465.3633      1.86121514E-15
   8468.1152      1.84792964E-15
   8470.8672      1.82021493E-15
   8473.6201      1.80894834E-15
   8476.3721      1.84405807E-15
   8479.1240      1.88943447E-15
   8481.8760      1.88693572E-15
   8484.6289      1.86007228E-15
   8487.3809      1.84768972E-15
   8490.1328      1.84342936E-15
   8492.8857      1.83160160E-15
   8495.6377      1.79965088E-15
   8498.3896      1.75887895E-15
   8501.1416      1.72895073E-15
   8503.8945      1.72290779E-15
   8506.6465      1.75848826E-15
   8509.3984      1.80069718E-15
   8512.1504      1.81097063E-15
   8514.9033      1.80468882E-15
   8517.6553      1.78954048E-15
   8520.4072      1.78995828E-15
   8523.1602      1.82719364E-15
   8525.9121      1.85630510E-15
   8528.6641      1.85111512E-15
   8531.4160      1.83711367E-15
   8534.1689      1.82488209E-15
   8536.9209      1.81082917E-15
   8539.6729      1.80500582E-15
   8542.4258      1.81593361E-15
   8545.1777      1.83635303E-15
   8547.9297      1.84655745E-15
   8550.6816      1.82069817E-15
   8553.4346      1.77700313E-15
   8556.1865      1.76219106E-15
   8558.9385      1.77774894E-15
   8561.6914      1.78524137E-15
   8564.4434      1.75798035E-15
   8567.1953      1.72503204E-15
   8569.9473      1.73563224E-15
   8572.7002      1.77746306E-15
   8575.4521      1.80467569E-15
   8578.2041      1.81031418E-15
   8580.9570      1.81689753E-15
   8583.7090      1.81995828E-15
   8586.4609      1.80159927E-15
   8589.2129      1.76338982E-15
   8591.9658      1.73077408E-15
   8594.7178      1.72602328E-15
   8597.4697      1.74642481E-15
   8600.2227      1.75386039E-15
   8602.9746      1.73579635E-15
   8605.7266      1.72216611E-15
   8608.4785      1.73105392E-15
   8611.2314      1.75933465E-15
   8613.9834      1.77366529E-15
   8616.7354      1.73105159E-15
   8619.4873      1.66063456E-15
   8622.2402      1.63659831E-15
   8624.9922      1.65177163E-15
   8627.7441      1.65116304E-15
   8630.4971      1.65335897E-15
   8633.2490      1.69034117E-15
   8636.0010      1.74018567E-15
   8638.7529      1.77590590E-15
   8641.5059      1.76900216E-15
   8644.2578      1.72903014E-15
   8647.0098      1.69481975E-15
   8649.7627      1.67577019E-15
   8652.5146      1.68175999E-15
   8655.2666      1.71861556E-15
   8658.0186      1.73890803E-15
   8660.7715      1.69517434E-15
   8663.5234      1.62661952E-15
   8666.2754      1.58633654E-15
   8669.0283      1.57531293E-15
   8671.7803      1.59650549E-15
   8674.5322      1.63011925E-15
   8677.2842      1.65234952E-15
   8680.0371      1.66489482E-15
   8682.7891      1.66986860E-15
   8685.5410      1.68970823E-15
   8688.2939      1.73715838E-15
   8691.0459      1.76967703E-15
   8693.7979      1.74649416E-15
   8696.5498      1.68770605E-15
   8699.3027      1.63838322E-15
   8702.0547      1.62164182E-15
   8704.8066      1.60507005E-15
   8707.5596      1.57492552E-15
   8710.3115      1.58262145E-15
   8713.0635      1.62497617E-15
   8715.8154      1.63910595E-15
   8718.5684      1.61987915E-15
   8721.3203      1.59862540E-15
   8724.0723      1.58137568E-15
   8726.8242      1.57188044E-15
   8729.5771      1.56862084E-15
   8732.3291      1.55923868E-15
   8735.0811      1.54439496E-15
   8737.8340      1.53581875E-15
   8740.5859      1.52416167E-15
   8743.3379      1.49523285E-15
   8746.0898      1.47405057E-15
   8748.8428      1.49484438E-15
   8751.5947      1.51917731E-15
   8754.3467      1.50122000E-15
   8757.0996      1.45476850E-15
   8759.8516      1.40371084E-15
   8762.6035      1.34765695E-15
   8765.3555      1.31357689E-15
   8768.1084      1.33646097E-15
   8770.8604      1.37558034E-15
   8773.6123      1.39164199E-15
   8776.3652      1.36937688E-15
   8779.1172      1.31480763E-15
